2.810000000000000000e+02 -4.674344081392925454e-02 -1.333564938009635867e-02 -9.492985845903799055e-03 3.921552795322722634e-02 6.789984340066572421e-02
2.811478696741854719e+02 -3.321780384613701176e-02 4.843871406210820130e-02 -4.228385375436775721e-03 3.465403630577255228e-02 -3.861523286702652023e-03
2.812957393483709438e+02 -1.904077941036660601e-02 5.064406655096342219e-02 6.293360675914239089e-03 2.449472216388277890e-02 -4.879134283279576434e-02
2.814436090225564158e+02 3.323980118263786167e-03 5.048620930046715527e-02 2.630754440043732781e-02 1.305759432338859591e-02 -1.082918185586675443e-02
2.815914786967418308e+02 3.033905911560659877e-02 3.010898571641641708e-02 3.756014777294346824e-02 2.589939651562489338e-05 2.407074102807426133e-02
2.817393483709273028e+02 5.734598141644201702e-02 1.165772139258525013e-02 4.923608624309787352e-02 -1.299538810268830412e-02 -1.940485915650204743e-02
2.818872180451127747e+02 9.628652298705967644e-03 4.147703972129061258e-03 5.662423304235088706e-04 -3.132890561929416173e-02 -2.010219350096729279e-02
2.820350877192982466e+02 -4.296678255053643092e-02 -9.254938523631486835e-02 -2.412209122476881643e-02 1.113750337876702121e-02 -2.837474265655600195e-02
2.821829573934837185e+02 -3.571553877069974514e-02 -2.843652263543054726e-02 -3.406620658426538079e-02 3.791246618909605709e-02 -1.351340912862936464e-02
2.823308270676691905e+02 2.082371420194093284e-02 -2.581236236365745326e-02 3.967005193737841752e-03 -4.555128581093288720e-02 8.219866626157179557e-02
2.824786967418546624e+02 -2.038764165133138614e-02 -2.841630553345283919e-04 -7.630997451635218587e-02 3.563666475369382802e-02 -8.936518348246211274e-02
2.826265664160400775e+02 6.456769158280323273e-02 -4.744813220214193217e-02 -6.563645663282498266e-02 -8.673098239883991756e-03 -6.656824145154734140e-02
2.827744360902255494e+02 2.767897762847290957e-02 4.050196652699544417e-03 1.680656782924301942e-02 2.782917779199451172e-02 -2.787120425555936545e-02
2.829223057644110213e+02 -4.970623703746801514e-02 -5.400286301122494276e-02 8.381245786561361891e-03 -1.088643226485299792e-01 -2.326185507560747309e-02
2.830701754385964932e+02 -4.872561923504450249e-02 4.801927087713956516e-02 -3.172032077753612206e-02 -7.866587088978872766e-02 4.291761536669483346e-02
2.832180451127819651e+02 3.225865666418828437e-02 -3.518817865725329397e-02 3.179918789580638179e-03 -7.075921909554637327e-04 1.153434846276230920e-02
2.833659147869674371e+02 -8.380194926387658089e-03 -4.316269125400199608e-02 -6.410739330318598883e-02 -4.752778456503507082e-02 2.006616710448392085e-02
2.835137844611529090e+02 -1.048623293466450015e-02 -5.678100297725614809e-02 1.056192985053098013e-02 5.143464511035076431e-02 -3.886301832475730356e-02
2.836616541353383241e+02 4.370427606074070437e-02 9.525598726043496556e-02 1.450836003654943154e-02 1.049735418781984168e-02 5.463178433927986383e-02
2.838095238095237960e+02 2.437409277112907377e-02 8.299534799609799285e-02 6.826740377339045318e-02 -1.488419811782127657e-02 1.022560125008649540e-01
2.839573934837092679e+02 1.325189318271156229e-03 -2.880325300832908830e-02 6.404800157786251502e-02 6.330285463041998573e-02 -1.476842345644375533e-02
2.841052631578947398e+02 -2.371385787578289897e-02 -6.819151249233933697e-03 5.895434015594646845e-03 8.357682681107785061e-02 8.797944335192700582e-02
2.842531328320802118e+02 2.357958110107403471e-01 1.990301829039100301e-01 2.403654936644675499e-01 2.713442416577932503e-01 2.332835723806552242e-01
2.844010025062656837e+02 3.734269432353701790e-01 4.463712386842776381e-01 4.158927523552348182e-01 4.320478386300884432e-01 4.946834879401849072e-01
2.845488721804511556e+02 5.383141390834117468e-01 5.367592886244588746e-01 6.077175238647090083e-01 6.336398987239332259e-01 6.687643378600535149e-01
2.846967418546365707e+02 5.489272657537912492e-01 6.415477924493929729e-01 6.339008546164461855e-01 6.612084616831954698e-01 7.877449386616006688e-01
2.848446115288220426e+02 6.369999048698770094e-01 6.463523042352004033e-01 8.634430260572069082e-01 9.197414976302605849e-01 1.002697626200117043e+00
2.849924812030075145e+02 9.486434119238906781e-01 1.013109281519825489e+00 1.162823232046320987e+00 1.309508942510411389e+00 1.332698525149061730e+00
2.851403508771929864e+02 1.346575891645743539e+00 1.378417962782303441e+00 1.473220457583265031e+00 1.647785641091128683e+00 1.748205107865288488e+00
2.852882205513784584e+02 1.628734584699234711e+00 1.674986197313520053e+00 1.828682378394603791e+00 1.995371649715471651e+00 2.125944702152932297e+00
2.854360902255639303e+02 1.474292036837861142e+00 1.559005641533171893e+00 1.797400506625991490e+00 2.014596859632309389e+00 2.213255112428421878e+00
2.855839598997493454e+02 1.216132202676494023e+00 1.259333417962766655e+00 1.600774092354213085e+00 1.749160805079956749e+00 1.850530786093605329e+00
2.857318295739348173e+02 9.888272061022878034e-01 1.024676100217605912e+00 1.217414065348137564e+00 1.357203219763724933e+00 1.389685306710060519e+00
2.858796992481202892e+02 9.342201978229508486e-01 8.633630713242216315e-01 9.937881505424942530e-01 1.085133014134337603e+00 1.170891341287563225e+00
2.860275689223057611e+02 7.027114269215942732e-01 8.607026098978005635e-01 7.595860721374406710e-01 9.137841958336589965e-01 9.234399501708460134e-01
2.861754385964912331e+02 6.113523087284400415e-01 6.418448831972540791e-01 7.066407493361210879e-01 7.708656372057495210e-01 8.095575990509908948e-01
2.863233082706767050e+02 6.323188923446754206e-01 6.022361418302372149e-01 8.150198537305214375e-01 8.444538824253448039e-01 9.116519231650953570e-01
2.864711779448621769e+02 7.923660139963102367e-01 7.688340839254669268e-01 8.720067422780610755e-01 1.108568167498252377e+00 1.042651007202614721e+00
2.866190476190475920e+02 9.903678064577065010e-01 9.441259149004388451e-01 1.110335954641977985e+00 1.177120702651193174e+00 1.192974242652323769e+00
2.867669172932330639e+02 1.225667816225034512e+00 1.380778820936427786e+00 1.263929906679051918e+00 1.459432618207255006e+00 1.420148791461406823e+00
2.869147869674185358e+02 1.811525224506775000e+00 1.710048040794410085e+00 1.837509422096164746e+00 1.862805669394206998e+00 1.983899603345017360e+00
2.870626566416040077e+02 2.368725655794041263e+00 2.422865899520146638e+00 2.422287449047110908e+00 2.481041415633411518e+00 2.493428386799990903e+00
2.872105263157894797e+02 2.956481584536461149e+00 2.791888985038712967e+00 2.950009686831538858e+00 2.862606353050138441e+00 2.990662804704502520e+00
2.873583959899749516e+02 3.326726398515090111e+00 3.202966955021584461e+00 3.283141456920091628e+00 3.232815892753128306e+00 3.314058464262710224e+00
2.875062656641604235e+02 3.469033038625624954e+00 3.400454802826529122e+00 3.323835839617332866e+00 3.463223111338450177e+00 3.450080238380723419e+00
2.876541353383458386e+02 3.541786883400077635e+00 3.480140433171624359e+00 3.490667363505723486e+00 3.543743551461109753e+00 3.616311113733740257e+00
2.878020050125313105e+02 3.483464395522457124e+00 3.434170081297260868e+00 3.446112622185388830e+00 3.482352347275700755e+00 3.571432872254078461e+00
2.879498746867167824e+02 3.375824468765186381e+00 3.339336765716835576e+00 3.394204168769089147e+00 3.399517023676093430e+00 3.596972647611945018e+00
2.880977443609022544e+02 3.222107862686987456e+00 3.169557632417467019e+00 3.271522540460723327e+00 3.375245252572715682e+00 3.437761756688733072e+00
2.882456140350877263e+02 3.093924177737632064e+00 3.073307567040249655e+00 3.083605601355636328e+00 3.212614452202240845e+00 3.312694690797046260e+00
2.883934837092731982e+02 2.974879908560135622e+00 2.930349045020349319e+00 2.999991702943124672e+00 3.131698154539016787e+00 3.210649914741048772e+00
2.885413533834586701e+02 2.940282155140634845e+00 2.914880822234144908e+00 2.913434675371200377e+00 2.999648233803274167e+00 3.056270386339418721e+00
2.886892230576440852e+02 2.892797182824375035e+00 2.808660573630864743e+00 2.855132498081637049e+00 2.955343795678029295e+00 3.022012296975815637e+00
2.888370927318295571e+02 2.925982119283180527e+00 2.856794803636243163e+00 2.934483159634149185e+00 2.916984241118536048e+00 2.971562168105259083e+00
2.889849624060150290e+02 2.899316364474703089e+00 2.826567241943275022e+00 2.862294983264283665e+00 2.911881905959822436e+00 2.927293580138782936e+00
2.891328320802005010e+02 2.910762467919143059e+00 2.827787876571046244e+00 2.878094816027735980e+00 2.813117523697166167e+00 2.861071787783151965e+00
2.892807017543859729e+02 2.895020967176967996e+00 2.791117143458721195e+00 2.833200144242001617e+00 2.846341362952285792e+00 2.917770116161030103e+00
2.894285714285714448e+02 2.888342264797262082e+00 2.882700472736719810e+00 2.824947499229675252e+00 2.886404773820193448e+00 3.013366203238015739e+00
2.895764411027569167e+02 2.901723226741520723e+00 2.841857930346251671e+00 2.833231487802586379e+00 2.860076938726719309e+00 2.959208774939312114e+00
2.897243107769423318e+02 2.920461461480141185e+00 2.872725401170645121e+00 2.860770854650465544e+00 2.948691012591100336e+00 2.964952896208745248e+00
2.898721804511278037e+02 3.004787608940469479e+00 2.827838231797556556e+00 2.921947402449072584e+00 2.918841684546617188e+00 3.013693963039743018e+00
2.900200501253132757e+02 2.987023202555569856e+00 3.008554091321208102e+00 2.910994959847490460e+00 2.927157521698672049e+00 3.100456653718648425e+00
2.901679197994987476e+02 2.996558123436737553e+00 2.994995848556211371e+00 2.973070834773880566e+00 3.001096497448231037e+00 3.042128129152451788e+00
2.903157894736842195e+02 3.003380868969415030e+00 3.021020129848857039e+00 3.014383447989802622e+00 3.057110353623293530e+00 3.131316888917022645e+00
2.904636591478696914e+02 3.181417759349691288e+00 3.019907922633629838e+00 3.110484575419448561e+00 3.067684063724123167e+00 3.176187225501169831e+00
2.906115288220551633e+02 3.118282323702799896e+00 3.193026504450310998e+00 3.104711758466379923e+00 3.180454836548549213e+00 3.301204806526901070e+00
2.907593984962405784e+02 3.239812067677455776e+00 3.123114953336679989e+00 3.184225359846783121e+00 3.164856639395021709e+00 3.223636397404035847e+00
2.909072681704260503e+02 3.205499774775684596e+00 3.219496374758429091e+00 3.150810382132885668e+00 3.253613341682103588e+00 3.268416481915600524e+00
2.910551378446115223e+02 3.255158286272898938e+00 3.172715488445057019e+00 3.263556528872546991e+00 3.274466021963488682e+00 3.370368500120012989e+00
2.912030075187969942e+02 3.316222626448362298e+00 3.342446935926422391e+00 3.341802922622995720e+00 3.364134776995721943e+00 3.395341722588031352e+00
2.913508771929824661e+02 3.474010795512928240e+00 3.373063995610063870e+00 3.382304436333147368e+00 3.386381158957507242e+00 3.496073954906792292e+00
2.914987468671679380e+02 3.407213429634919688e+00 3.378970754649005759e+00 3.414641903717261062e+00 3.438644620040555377e+00 3.467407181586238174e+00
2.916466165413534100e+02 3.451451578685133192e+00 3.464264199246195997e+00 3.453069671519496175e+00 3.473542592244066363e+00 3.546667300181586047e+00
2.917944862155388250e+02 3.556199086724368907e+00 3.463988562185556397e+00 3.516867816464258389e+00 3.577237181513571063e+00 3.630279419992000101e+00
2.919423558897242970e+02 3.564341420744985278e+00 3.567258570790706518e+00 3.581001238994069524e+00 3.556693117152792460e+00 3.654538516047940888e+00
2.920902255639097689e+02 3.605482115574719870e+00 3.512119330157616126e+00 3.599866166517842192e+00 3.580489428747149372e+00 3.758890796962049308e+00
2.922380952380952408e+02 3.677462610345464178e+00 3.589231222629579943e+00 3.582787606595569496e+00 3.642906129582588637e+00 3.721874439701439385e+00
2.923859649122807127e+02 3.664436046252469659e+00 3.563643572192778830e+00 3.632027803341754346e+00 3.638580830869005300e+00 3.749536271426756606e+00
2.925338345864661846e+02 3.674958987845039271e+00 3.571509552757454298e+00 3.702247374257139789e+00 3.750844095807318812e+00 3.769545335453503565e+00
2.926817042606515997e+02 3.691423199823473222e+00 3.664509357930484157e+00 3.655581606497136260e+00 3.743598177197072108e+00 3.801324397609926464e+00
2.928295739348370716e+02 3.699079606378035567e+00 3.625606938901704712e+00 3.645036467550093029e+00 3.753869411948089763e+00 3.839915860083662036e+00
2.929774436090225436e+02 3.692878422116893766e+00 3.708107132386037286e+00 3.785462631180274151e+00 3.753083997909000935e+00 3.794635843344708270e+00
2.931253132832080155e+02 3.734960102383462655e+00 3.573943959328705677e+00 3.682288019928594114e+00 3.714268469142006257e+00 3.812365658911560207e+00
2.932731829573934874e+02 3.638818352273092582e+00 3.637663597670726556e+00 3.668703498853234102e+00 3.730656575419654786e+00 3.734918950040263752e+00
2.934210526315789593e+02 3.609257564152145381e+00 3.650941471062593813e+00 3.629634799792650135e+00 3.701863451287142670e+00 3.816602369065733580e+00
2.935689223057644313e+02 3.558449663238642646e+00 3.545623484750482834e+00 3.596945772587973877e+00 3.742055551578710837e+00 3.810547665878178947e+00
2.937167919799499032e+02 3.548980719153283836e+00 3.513662418923677144e+00 3.609478954809141715e+00 3.664951376804731265e+00 3.743197411086478521e+00
2.938646616541353183e+02 3.571756876614441634e+00 3.494282902678318425e+00 3.609757233689306233e+00 3.576827182287848128e+00 3.682215911883479187e+00
2.940125313283207902e+02 3.534665273125821905e+00 3.494222518817557521e+00 3.579441994805486971e+00 3.651362136571774553e+00 3.686553168545839920e+00
2.941604010025062621e+02 3.510145503525389010e+00 3.461308489119569565e+00 3.543290218711087292e+00 3.602312298398230084e+00 3.677768201488796684e+00
2.943082706766917340e+02 3.433596941287919257e+00 3.431172203170301138e+00 3.502990116668179166e+00 3.570855890192545790e+00 3.636635796739069004e+00
2.944561403508772059e+02 3.419845235417218188e+00 3.378300297094084303e+00 3.433887854301514331e+00 3.580245089327787067e+00 3.607892763107284573e+00
2.946040100250626779e+02 3.408349274467331824e+00 3.310631880200467503e+00 3.450276209715955389e+00 3.532088012156864743e+00 3.565655200648884193e+00
2.947518796992480929e+02 3.418343144994516969e+00 3.431685281867447035e+00 3.413275547580788771e+00 3.543359537926027425e+00 3.515971693286278121e+00
2.948997493734335649e+02 3.416062365286776981e+00 3.329732403290258880e+00 3.428152928518437115e+00 3.442668740422762497e+00 3.526838934324698638e+00
2.950476190476190368e+02 3.305846546221375970e+00 3.325716661460660362e+00 3.359900446967186038e+00 3.427028814382607536e+00 3.535988039299027275e+00
2.951954887218045087e+02 3.333729254878074588e+00 3.293511937224918640e+00 3.328638829983466163e+00 3.457749404150474160e+00 3.475083470326751911e+00
2.953433583959899806e+02 3.312227124890202212e+00 3.205083091532458628e+00 3.390067363827101055e+00 3.355653147874059439e+00 3.420435482410785877e+00
2.954912280701754526e+02 3.352646770927925068e+00 3.244369598672443900e+00 3.310638619962300133e+00 3.373155941140780101e+00 3.399261701489064258e+00
2.956390977443609245e+02 3.245332805489853811e+00 3.255367594070443182e+00 3.227150779149930759e+00 3.350616570564548091e+00 3.396956778585473291e+00
2.957869674185463396e+02 3.227666707695431736e+00 3.296514495036925840e+00 3.308353359488350076e+00 3.352450336508288498e+00 3.415084884059519155e+00
2.959348370927318115e+02 3.261193607589080834e+00 3.181781093654693304e+00 3.248668512187535828e+00 3.324050897945153515e+00 3.361745593641015883e+00
2.960827067669172834e+02 3.241988876871186420e+00 3.281444415457748232e+00 3.303203126648923238e+00 3.255136180064442719e+00 3.375970017444970050e+00
2.962305764411027553e+02 3.283684632487873678e+00 3.221246288142920022e+00 3.229481286512543736e+00 3.297948982019980324e+00 3.314829664408640131e+00
2.963784461152882272e+02 3.275595190990387096e+00 3.200385409443139650e+00 3.272344657331690332e+00 3.266861046313965122e+00 3.298974474316054728e+00
2.965263157894736992e+02 3.227204071354114134e+00 3.211542960749816267e+00 3.192037607693024803e+00 3.306359280204221651e+00 3.319577160469319388e+00
2.966741854636591711e+02 3.187680571161167098e+00 3.145528235770029379e+00 3.202695367231246149e+00 3.201979122316761739e+00 3.217396634004373812e+00
2.968220551378445862e+02 3.246773116973161066e+00 3.238095890746899741e+00 3.217616376171761328e+00 3.186322239586285132e+00 3.261166234182665935e+00
2.969699248120300581e+02 3.201496204456546035e+00 3.189993654870489248e+00 3.197911304771027030e+00 3.174135350240130382e+00 3.234488357079737586e+00
2.971177944862155300e+02 3.165401514124489335e+00 3.107518772254053374e+00 3.156866021483405671e+00 3.158615859538214998e+00 3.203976106727197681e+00
2.972656641604010019e+02 3.188407225870178330e+00 3.112458872122208842e+00 3.161080953553409678e+00 3.134348585107919583e+00 3.227797980099757602e+00
2.974135338345864739e+02 3.191465811730475721e+00 3.117519311009008032e+00 3.146791720767416756e+00 3.113769462366382079e+00 3.247046192729453828e+00
2.975614035087719458e+02 3.163775378693063800e+00 3.112328218961440740e+00 3.127369246188925089e+00 3.134829941232134765e+00 3.235282798728405851e+00
2.977092731829574177e+02 3.170344586989483737e+00 3.104356799337637085e+00 3.107568355506004742e+00 3.152808823466532129e+00 3.213393863133907402e+00
2.978571428571428328e+02 3.174706169413261669e+00 3.080065506349196625e+00 3.080019083781871281e+00 3.171008778888356083e+00 3.191494622576140028e+00
2.980050125313283047e+02 3.178784625559883725e+00 3.056778372118235776e+00 3.076356940712108745e+00 3.173514159425040670e+00 3.167082713251003767e+00
2.981528822055137766e+02 3.182875102244437482e+00 3.036951933232727718e+00 3.072695462668806332e+00 3.172708077565744578e+00 3.140034714634940549e+00
2.983007518796992485e+02 3.186977651489511398e+00 3.024535264766077702e+00 3.069034644307408577e+00 3.171899640302542345e+00 3.112125148299054178e+00
2.984486215538847205e+02 3.132163393638617954e+00 3.019464617747753099e+00 3.065374480289233095e+00 3.162651302384963170e+00 3.086642089062411998e+00
2.985964912280701924e+02 3.080442794213934299e+00 3.014416821302495109e+00 3.081804183995843882e+00 3.151355374354504413e+00 3.081351292589405766e+00
2.987443609022556643e+02 3.082482425061052744e+00 3.003821508793821593e+00 3.080774442359451193e+00 3.145819716187923110e+00 3.076073620125791663e+00
2.988922305764410794e+02 3.084513439490358166e+00 2.992344204007847619e+00 3.075283397755698367e+00 3.134461414063464346e+00 3.070809022758690610e+00
2.990401002506265513e+02 3.086535849034373058e+00 2.989658046401323155e+00 3.077185342824178882e+00 3.123071116962419680e+00 3.056911580046951737e+00
2.991879699248120232e+02 3.088549665209503914e+00 3.008626882343813591e+00 3.079090883457265448e+00 3.111648986677732154e+00 3.037943121919724820e+00
2.993358395989974952e+02 3.085188559649765683e+00 3.001215939343573780e+00 3.081000009014747576e+00 3.096680943734401836e+00 3.021864329481451339e+00
2.994837092731829671e+02 3.045806581494499454e+00 2.993822118579327007e+00 3.082690915396515852e+00 3.041013620588910449e+00 3.010770156159193967e+00
2.996315789473684390e+02 3.041881057944833877e+00 2.984245080957144136e+00 3.070745122760263346e+00 3.005145959441420711e+00 3.006569728766199656e+00
2.997794486215539109e+02 3.049924221898081100e+00 2.945933976501130758e+00 3.028248554639124013e+00 2.978223076636365096e+00 3.002382314427653576e+00
2.999273182957393260e+02 3.057968720080866287e+00 2.919671946902729243e+00 3.017281359497627768e+00 2.988902720189574147e+00 2.996104239509858047e+00
3.000751879699247979e+02 3.066014573598358162e+00 2.956697986727763627e+00 3.030236913519921860e+00 2.999510291493961311e+00 2.975446111106633929e+00
3.002230576441102698e+02 3.074061803566963569e+00 2.993527843089393681e+00 3.044511029221262710e+00 3.010045895344716005e+00 2.959319996259186958e+00
3.003709273182957418e+02 3.052443968901836335e+00 2.982173913295420586e+00 3.058726755888956816e+00 3.015147400457045102e+00 2.943596406084453942e+00
3.005187969924812137e+02 3.005318198372463279e+00 2.970915273214274510e+00 3.044345613266106643e+00 3.000044099915898599e+00 2.940108472726496114e+00
3.006666666666666856e+02 2.999443541342778019e+00 2.959750732618258606e+00 2.976555011108854121e+00 2.971200269496831581e+00 2.943894856743472843e+00
3.008145363408521007e+02 2.994571512597847818e+00 2.947340919027225503e+00 2.895249305600234635e+00 2.947583192201288504e+00 2.947662820651228532e+00
3.009624060150375726e+02 2.989700619089790123e+00 2.937970720616328357e+00 2.897967133277032925e+00 2.924047464943563490e+00 2.945577718307666348e+00
3.011102756892230445e+02 2.984830886399536531e+00 2.892449695472232740e+00 2.900661313038594091e+00 2.900592246484585246e+00 2.935695266661998648e+00
3.012581453634085165e+02 2.979962339874810962e+00 2.872826087853052268e+00 2.903331867835003077e+00 2.877216703007299703e+00 2.941260668489560803e+00
3.014060150375939884e+02 2.947959272845727785e+00 2.853224817916558020e+00 2.905978820555343400e+00 2.853920008009598330e+00 2.955815651317121429e+00
3.015538847117794603e+02 2.908218043277559950e+00 2.833645856328210311e+00 2.908602194027837484e+00 2.856739737758047681e+00 2.946675931030711570e+00
3.017017543859649322e+02 2.888244656118394538e+00 2.798364471548770549e+00 2.858972964542823902e+00 2.906393025513016148e+00 2.935619157969969972e+00
3.018496240601504041e+02 2.880918993489655300e+00 2.756372380145443390e+00 2.822327346059118280e+00 2.914512125618593963e+00 2.924610898007440785e+00
3.019974937343358192e+02 2.873627090436924991e+00 2.815883580273732090e+00 2.830587576509768333e+00 2.890812719728600655e+00 2.913650836853334258e+00
3.021453634085212911e+02 2.866368711433046723e+00 2.860791047588890024e+00 2.838841331356237507e+00 2.867179508208447025e+00 2.889142075223725570e+00
3.022932330827067631e+02 2.859143623136004564e+00 2.841996350422107298e+00 2.847088607527091586e+00 2.843612411640854098e+00 2.873965739109472395e+00
3.024411027568922350e+02 2.833984151118217110e+00 2.823251259400666680e+00 2.855329401944798118e+00 2.807232665904017654e+00 2.858584244111825878e+00
3.025889724310777069e+02 2.830597201060575774e+00 2.804555344650595305e+00 2.869679280613709249e+00 2.879107798846725075e+00 2.843258638950568518e+00
3.027368421052631788e+02 2.818615190571864826e+00 2.770710192051566878e+00 2.851184245919113014e+00 2.889209205369506872e+00 2.827988612997960338e+00
3.028847117794485939e+02 2.803074596028528820e+00 2.720288210166538434e+00 2.818527231525159937e+00 2.874293608546143908e+00 2.812773857870937366e+00
3.030325814536340658e+02 2.787564314826297629e+00 2.698292609979548562e+00 2.808613348753087546e+00 2.859393072703140248e+00 2.789704072159780779e+00
3.031804511278195378e+02 2.772084357112237996e+00 2.686786345534362130e+00 2.802962997490391572e+00 2.844507257646853304e+00 2.771553153432862349e+00
3.033283208020050097e+02 2.757108496043617407e+00 2.677513673434020802e+00 2.797339248183768223e+00 2.823545579778511172e+00 2.761719223504905951e+00
3.034761904761904816e+02 2.754996725635231236e+00 2.668243077158740206e+00 2.788658540657698470e+00 2.776362542081686868e+00 2.747425251840472704e+00
3.036240601503759535e+02 2.753326992173573462e+00 2.649002607335174009e+00 2.762490545489380889e+00 2.721162504363026979e+00 2.727912029339020883e+00
3.037719298245614254e+02 2.719012326644378863e+00 2.600461608058157292e+00 2.716367712298850101e+00 2.691506144374221421e+00 2.708479301433905917e+00
3.039197994987468405e+02 2.684880451040244420e+00 2.572910547163857142e+00 2.689471246313556829e+00 2.680726521063121925e+00 2.686807562865913823e+00
3.040676691729323124e+02 2.650929836616726654e+00 2.605452620638625039e+00 2.683401767437339380e+00 2.669975993008159687e+00 2.660121315135990372e+00
3.042155388471177844e+02 2.617158971279688551e+00 2.622013784370360590e+00 2.677350582739640217e+00 2.659254442568386612e+00 2.665347992673289035e+00
3.043634085213032563e+02 2.621472653000512576e+00 2.602006341671589951e+00 2.671317614751600455e+00 2.636143254534328406e+00 2.672810948378018470e+00
3.045112781954887282e+02 2.626731376274707319e+00 2.582111509319954035e+00 2.630604901995112321e+00 2.594752288224599024e+00 2.653569434275154126e+00
3.046591478696742001e+02 2.615026022105664261e+00 2.558850758555590854e+00 2.580024333025507044e+00 2.558939975240546616e+00 2.627882439997148989e+00
3.048070175438596721e+02 2.581543103609246437e+00 2.531680363458519434e+00 2.546932177875406378e+00 2.541220061299879873e+00 2.602278015716557480e+00
3.049548872180450871e+02 2.548186733526706771e+00 2.546015130631440027e+00 2.540954248787363312e+00 2.528869467921295300e+00 2.571447692125931272e+00
3.051027568922305591e+02 2.514956425736496026e+00 2.556935042746891540e+00 2.534971357662460179e+00 2.516523728020369166e+00 2.547231670614732213e+00
3.052506265664160310e+02 2.481851698333981115e+00 2.533262204775274196e+00 2.528983461327708238e+00 2.504182836240600452e+00 2.556576654258833958e+00
3.053984962406015029e+02 2.483120284959443591e+00 2.509678099448974908e+00 2.522990515868262840e+00 2.466832634135510460e+00 2.564553387605360779e+00
3.055463659147869748e+02 2.460108438870395542e+00 2.486182256181775241e+00 2.511027586326608496e+00 2.466279913066412366e+00 2.550091844030959454e+00
3.056942355889724467e+02 2.445664596258624091e+00 2.435616454839902190e+00 2.471817272505889118e+00 2.481800434244549880e+00 2.535671542807513834e+00
3.058421052631579187e+02 2.430997451377250762e+00 2.403258436266277442e+00 2.418890010506483890e+00 2.471148911658044067e+00 2.521292490241241246e+00
3.059899749373433337e+02 2.416336423096384411e+00 2.374569664783487521e+00 2.381815439969297454e+00 2.450720733550320052e+00 2.488530671881553413e+00
3.061378446115288057e+02 2.401681439782025862e+00 2.345538813857070970e+00 2.350918531602120609e+00 2.430350572900376260e+00 2.452913026962269427e+00
3.062857142857142776e+02 2.372748715477728254e+00 2.335209309425383406e+00 2.320121891394615332e+00 2.407990758148419452e+00 2.414001197880154770e+00
3.064335839598997495e+02 2.304948732879849249e+00 2.328373919234477452e+00 2.301758067427989829e+00 2.381572559809677969e+00 2.386963119553866530e+00
3.065814536340852214e+02 2.286688873045412684e+00 2.311785991919958150e+00 2.350031633587779112e+00 2.379705624688010168e+00 2.378834835686312044e+00
3.067293233082706934e+02 2.272909939282270475e+00 2.257191108423031167e+00 2.383729377749310707e+00 2.378059017838351163e+00 2.370715198688731373e+00
3.068771929824561653e+02 2.259150447306762732e+00 2.203471411062661200e+00 2.340040093019971401e+00 2.363965719641526242e+00 2.360242757557077908e+00
3.070250626566415804e+02 2.245410363124465736e+00 2.195511501288669454e+00 2.299619640736831450e+00 2.349879867121613675e+00 2.341014110365980283e+00
3.071729323308270523e+02 2.231689652995877626e+00 2.191828442929893761e+00 2.259418240748281459e+00 2.335800860738337814e+00 2.291304407515056152e+00
3.073208020050125242e+02 2.200638547379747401e+00 2.173299441130056575e+00 2.219434880731574911e+00 2.315364103618616554e+00 2.243366771068473042e+00
3.074686716791979961e+02 2.154365279549548262e+00 2.154943488262247353e+00 2.200023985403269489e+00 2.263700767235389488e+00 2.216047921219176597e+00
3.076165413533834680e+02 2.123353975271652594e+00 2.136758586377516700e+00 2.197546108962790345e+00 2.197369327906431025e+00 2.196555935697493300e+00
3.077644110275689400e+02 2.116039417813183388e+00 2.094097289870573420e+00 2.161994471722287425e+00 2.176223674896084148e+00 2.177127947890863169e+00
3.079122807017544119e+02 2.108729166999438132e+00 2.073753531877061462e+00 2.133888274759081494e+00 2.195931482490069975e+00 2.156112428871561182e+00
3.080601503759398270e+02 2.101422883896908456e+00 2.094216002456824821e+00 2.118625544543296879e+00 2.215806075518723439e+00 2.133857255077477255e+00
3.082080200501252989e+02 2.094120225318743866e+00 2.103190415954737880e+00 2.103479961614371341e+00 2.235852097325172316e+00 2.132897490807198260e+00
3.083558897243107708e+02 2.082279228692883066e+00 2.099704054854780289e+00 2.088451716111023870e+00 2.233309703301329829e+00 2.156995874346444353e+00
3.085037593984962427e+02 2.034328324813993838e+00 2.096234265974881605e+00 2.166305039026760415e+00 2.162878480554219607e+00 2.130806238315600343e+00
3.086516290726817147e+02 2.027584881066586409e+00 2.092781112918160158e+00 2.217920974950271074e+00 2.092442911090452551e+00 2.104718509810928229e+00
3.087994987468671866e+02 2.020872324886786142e+00 2.053671977382332869e+00 2.157973727919126894e+00 2.067535271367229921e+00 2.078732090794049636e+00
3.089473684210526017e+02 2.014191243552919008e+00 2.049730868019874030e+00 2.117947169210435465e+00 2.057632212286342188e+00 2.043204591623885680e+00
3.090952380952380736e+02 2.007542242623192585e+00 2.039876739576904630e+00 2.087141043141812258e+00 2.047749723891859386e+00 2.032780865701647510e+00
3.092431077694235455e+02 1.998288819525668281e+00 2.024708413736272750e+00 2.056463638834508334e+00 2.037888426833906141e+00 2.061202110040485369e+00
3.093909774436090174e+02 1.983715549611821061e+00 2.007592567425906527e+00 2.023971589027331763e+00 2.025578743802771697e+00 2.078971885291899913e+00
3.095388471177944893e+02 1.969753957096999075e+00 1.986830169362606480e+00 1.969552029179053809e+00 1.998858660343818539e+00 2.063490869015388807e+00
3.096867167919799613e+02 1.959550223243682554e+00 1.937278548346074158e+00 1.903236918316575377e+00 1.977367937711381307e+00 2.048051441319929555e+00
3.098345864661654332e+02 1.947355590643405687e+00 1.896384597579762188e+00 1.896752055109140356e+00 1.969951734528841980e+00 2.029722968667571958e+00
3.099824561403509051e+02 1.935213602314764580e+00 1.920737253702384573e+00 1.911448044134399060e+00 1.962962045137599087e+00 1.996658515755143304e+00
3.101303258145363202e+02 1.923123679290043242e+00 1.945740536491598505e+00 1.926888747451918293e+00 1.956000836039094803e+00 1.977852393183447521e+00
3.102781954887217921e+02 1.918334064655742521e+00 1.945811335380472906e+00 1.942246122270675501e+00 1.944332989749316232e+00 1.952797287746069754e+00
3.104260651629072640e+02 1.916928484790329401e+00 1.945904077513893382e+00 1.938438931830399170e+00 1.924115724551382023e+00 1.937735995097625397e+00
3.105739348370927360e+02 1.911129469575078899e+00 1.946018991306964319e+00 1.905744975898647331e+00 1.925231267949658598e+00 1.929609113194737047e+00
3.107218045112782079e+02 1.901162811859893553e+00 1.931659042374646473e+00 1.855891066681481627e+00 1.916172986606220707e+00 1.921466108805329975e+00
3.108696741854636798e+02 1.891231838101800289e+00 1.922234869039032734e+00 1.850450830697755622e+00 1.907154239121175765e+00 1.913185246930862116e+00
3.110175438596490949e+02 1.881336476179731321e+00 1.921611178546405396e+00 1.845027541175844776e+00 1.898175154661737807e+00 1.904675324694453442e+00
3.111654135338345668e+02 1.871476656072135203e+00 1.899325005824397339e+00 1.839621448802090553e+00 1.889235868876482982e+00 1.889177940562572600e+00
3.113132832080200387e+02 1.845965108719259229e+00 1.877131536074027052e+00 1.834232810645552103e+00 1.875557132500383251e+00 1.856283996067817466e+00
3.114611528822055107e+02 1.808252998770827569e+00 1.855030147068670532e+00 1.844484164793292136e+00 1.869814913343975205e+00 1.842271633542035936e+00
3.116090225563909826e+02 1.793811614192415638e+00 1.816200934401725364e+00 1.852162870419495011e+00 1.873568406085891480e+00 1.830215977645767378e+00
3.117568922305764545e+02 1.797990715510635606e+00 1.785350653087053319e+00 1.838398107425955441e+00 1.873000093967024826e+00 1.818209146376727370e+00
3.119047619047619264e+02 1.802148870604609376e+00 1.772159306114981181e+00 1.822464834092019981e+00 1.865889504954933553e+00 1.803591645783390929e+00
3.120526315789473415e+02 1.806286203246251443e+00 1.757089085663740224e+00 1.814450766246894053e+00 1.858785757881638023e+00 1.792707835068777067e+00
3.122005012531328134e+02 1.810402835828365697e+00 1.756033874243711601e+00 1.806490136218757758e+00 1.851688649558401289e+00 1.792011500707737737e+00
3.123483709273182853e+02 1.811769632426907251e+00 1.763059765618374852e+00 1.798727393874295810e+00 1.834898998213692733e+00 1.788524963569434023e+00
3.124962406015037573e+02 1.809771970542707775e+00 1.769989742137533240e+00 1.801357858563017000e+00 1.802586896663188165e+00 1.776182799000251444e+00
3.126441102756892292e+02 1.797371814449519878e+00 1.743505938402289068e+00 1.796549294459792057e+00 1.780451486795144866e+00 1.763871089148363547e+00
3.127919799498747011e+02 1.784987905338665470e+00 1.729407021515420917e+00 1.774527504748866225e+00 1.781884281850075746e+00 1.751284583404250750e+00
3.129398496240601730e+02 1.772620198719357498e+00 1.840621735326031683e+00 1.760312564885003317e+00 1.785336495544369795e+00 1.733854480546215493e+00
3.130877192982455881e+02 1.760268650076904251e+00 1.837860050486175956e+00 1.747596352649205320e+00 1.788768778549164162e+00 1.741524603492482948e+00
3.132355889724310600e+02 1.746361269475502187e+00 1.813892904231787062e+00 1.734907342558384080e+00 1.792181115023250504e+00 1.770446649030356090e+00
3.133834586466165320e+02 1.731707509010396828e+00 1.789858779807243172e+00 1.743796893262851144e+00 1.775356322202743309e+00 1.774577534308750426e+00
3.135313283208020039e+02 1.721724948618838624e+00 1.757267646777692871e+00 1.752240660199543498e+00 1.729100578837623248e+00 1.756643226525127943e+00
3.136791979949874758e+02 1.727616817360673629e+00 1.701580446128247104e+00 1.744796288117480998e+00 1.709612650423572910e+00 1.738779939419450971e+00
3.138270676691729477e+02 1.733499696793082467e+00 1.659837803055817629e+00 1.732181050477243689e+00 1.707461033876706891e+00 1.720987203386606268e+00
3.139749373433584196e+02 1.739373666592144874e+00 1.664205192959367086e+00 1.721611777458690540e+00 1.705316650193401840e+00 1.698136101659886377e+00
3.141228070175438347e+02 1.745238806100493756e+00 1.670778897092695336e+00 1.711044237158430903e+00 1.703179487040869411e+00 1.692466402189345187e+00
3.142706766917293066e+02 1.737335817291699502e+00 1.682111633342307844e+00 1.700478469614809418e+00 1.691683203201444829e+00 1.695726470398488450e+00
3.144185463659147786e+02 1.748624640757738158e+00 1.693384261820060077e+00 1.694716800924489508e+00 1.664353653713442904e+00 1.691782766118367975e+00
3.145664160401002505e+02 1.730786066156335901e+00 1.683670653062594891e+00 1.680606669763136551e+00 1.641594286196261576e+00 1.686022606922650047e+00
3.147142857142857224e+02 1.723873155544489721e+00 1.663644499886667294e+00 1.653451936295557312e+00 1.636807284183693589e+00 1.679895033719257302e+00
3.148621553884711943e+02 1.716978418676810669e+00 1.674600762864914216e+00 1.635249170302020216e+00 1.632037045256339081e+00 1.671803924541273911e+00
3.150100250626566094e+02 1.710101716535514793e+00 1.623232903919124448e+00 1.627686706708800335e+00 1.627283529202460111e+00 1.659907580312373510e+00
3.151578947368420813e+02 1.703174006617146796e+00 1.593694318955162670e+00 1.620158898085095833e+00 1.622546696273766242e+00 1.637819825643321181e+00
3.153057644110275533e+02 1.648756984649084156e+00 1.591432874282869392e+00 1.612665392805785247e+00 1.607257809516214886e+00 1.623298978366139345e+00
3.154536340852130252e+02 1.607391896426801692e+00 1.589164673423536955e+00 1.618092383154509095e+00 1.617152294930101375e+00 1.626839674505227151e+00
3.156015037593984971e+02 1.582740856162281773e+00 1.563508656596694690e+00 1.624483303633811992e+00 1.640486658525819985e+00 1.630379434110274195e+00
3.157493734335839690e+02 1.585579853733185329e+00 1.534798886993665290e+00 1.616695409716441878e+00 1.642852946790622992e+00 1.628694289096128234e+00
3.158972431077694409e+02 1.588381090315224675e+00 1.568282861213606383e+00 1.623413078176533020e+00 1.639467013340114354e+00 1.620796106036392681e+00
3.160451127819549129e+02 1.591144639276904860e+00 1.609628991513793794e+00 1.634620043986042770e+00 1.636091572287996510e+00 1.594863902447367421e+00
3.161929824561403279e+02 1.590629369918218794e+00 1.610093858902808872e+00 1.645783761083473795e+00 1.630600611866105165e+00 1.563876077490933048e+00
3.163408521303257999e+02 1.598399774319576139e+00 1.601722606688268158e+00 1.653795772850287227e+00 1.613265603799178827e+00 1.545521113948304492e+00
3.164887218045112718e+02 1.583894923188919668e+00 1.593374705881970499e+00 1.641519285885901569e+00 1.589390799874028648e+00 1.544430522301475373e+00
3.166365914786967437e+02 1.570815500566019596e+00 1.578984825600831199e+00 1.610489435266105440e+00 1.572915377158348615e+00 1.543344982716067681e+00
3.167844611528822156e+02 1.557725961040807849e+00 1.560948725981588181e+00 1.590545046387332295e+00 1.581336060766995066e+00 1.540709825284682699e+00
3.169323308270676876e+02 1.544626143289702158e+00 1.551528020555519083e+00 1.574299365814257001e+00 1.589748195846047985e+00 1.532297440105039987e+00
3.170802005012531026e+02 1.531515886515139924e+00 1.549625325687522981e+00 1.558096942581294275e+00 1.598151798250575961e+00 1.529571798915655423e+00
3.172280701754385746e+02 1.521302557431137403e+00 1.547495266542335601e+00 1.541937705396720482e+00 1.598015595728990990e+00 1.535748802525109591e+00
3.173759398496240465e+02 1.522035536814386303e+00 1.545258538578113239e+00 1.541448994868404254e+00 1.569600609496147436e+00 1.537932546730503169e+00
3.175238095238095184e+02 1.525855451848585842e+00 1.539203737965064489e+00 1.556135499285069113e+00 1.527344876113769123e+00 1.538528601807001461e+00
3.176716791979949903e+02 1.526936309586804041e+00 1.533052089676133711e+00 1.550561342427618339e+00 1.506670287021729449e+00 1.539123655975080718e+00
3.178195488721804622e+02 1.527995731768333698e+00 1.519340722194686188e+00 1.525200618101078431e+00 1.500922608539638547e+00 1.534826549317804156e+00
3.179674185463659342e+02 1.529033951695359717e+00 1.508307316472478510e+00 1.509739790123187042e+00 1.495190310150537494e+00 1.528334423551259702e+00
3.181152882205514061e+02 1.530051199938514239e+00 1.500864440719705817e+00 1.494343416317505779e+00 1.487608497984993505e+00 1.528619882349895986e+00
3.182631578947368212e+02 1.508125159251169745e+00 1.498418252329701383e+00 1.479011053430089317e+00 1.474041975920527214e+00 1.528921795263630701e+00
3.184110275689222931e+02 1.494665857255313757e+00 1.495968642911465807e+00 1.471959023802145161e+00 1.460679957362991166e+00 1.529992394371508135e+00
3.185588972431077650e+02 1.498392278783923670e+00 1.475258165963817314e+00 1.469588181124277693e+00 1.454196843624771196e+00 1.531055250298112069e+00
3.187067669172932369e+02 1.502107611101128226e+00 1.451007474078590098e+00 1.453067164437915615e+00 1.451561171015246288e+00 1.532110388186046945e+00
3.188546365914787089e+02 1.505811883484701852e+00 1.441383955295352015e+00 1.448945016445458256e+00 1.448829548698294278e+00 1.528194948382093576e+00
3.190025062656641808e+02 1.509505125117709179e+00 1.440696947643991921e+00 1.451443400129583283e+00 1.446106365617388034e+00 1.503539701906929649e+00
3.191503759398495959e+02 1.509706198080905892e+00 1.431594343210376152e+00 1.453945581345681415e+00 1.443391583340533746e+00 1.459734163149096320e+00
3.192982456140350678e+02 1.468882178598656552e+00 1.419314529063220753e+00 1.457169881234557041e+00 1.437885277052565636e+00 1.433657449853332322e+00
3.194461152882205397e+02 1.428837878083591528e+00 1.403843865251111156e+00 1.466370422845269861e+00 1.429665424656586525e+00 1.438379277933654832e+00
3.195939849624060116e+02 1.419125730232046800e+00 1.371053341374125489e+00 1.464004709876742361e+00 1.441960615981653815e+00 1.443090344623129129e+00
3.197418546365914835e+02 1.410976970612708881e+00 1.348447906403713592e+00 1.449543210010179273e+00 1.437501924131407982e+00 1.447790709839978263e+00
3.198897243107769555e+02 1.402855835743536117e+00 1.382495436459246552e+00 1.441524637614369553e+00 1.431998056606068381e+00 1.449281619202189342e+00
3.200375939849624274e+02 1.394762187004849219e+00 1.415364254110148767e+00 1.443543321816808556e+00 1.426495136289526622e+00 1.444749003794554731e+00
3.201854636591478993e+02 1.377721717746438701e+00 1.420867810052132363e+00 1.445568375294016494e+00 1.414809745816593356e+00 1.402794259302854618e+00
3.203333333333333144e+02 1.396326444248202625e+00 1.426370853113962722e+00 1.447599772348513003e+00 1.415359412070506195e+00 1.386982212826540550e+00
3.204812030075187863e+02 1.434350516974340684e+00 1.420983419501888889e+00 1.540602925364675579e+00 1.446419463889949908e+00 1.390775203871282617e+00
3.206290726817042582e+02 1.416453368692796477e+00 1.397989854545562682e+00 1.485928946578429111e+00 1.428939770941901388e+00 1.394557739707586341e+00
3.207769423558897302e+02 1.398580868777328012e+00 1.374100749528664345e+00 1.463947829400296330e+00 1.411459376939451893e+00 1.395250867864701538e+00
3.209248120300752021e+02 1.380732977182997701e+00 1.332604269108328854e+00 1.441944938622627737e+00 1.393978321320046732e+00 1.391934241181608911e+00
3.210726817042606740e+02 1.362909653853092928e+00 1.353760420911693130e+00 1.419920241918838588e+00 1.376496643296983402e+00 1.377948192704812280e+00
3.212205513784460891e+02 1.355766302497207310e+00 1.374947904734313386e+00 1.397873706898328905e+00 1.359014381860750520e+00 1.370723504904216794e+00
3.213684210526315610e+02 1.358374356274052452e+00 1.392817704936644363e+00 1.419376542685031550e+00 1.363694144433342803e+00 1.364660872015821313e+00
3.215162907268170329e+02 1.355068017111722201e+00 1.396196611211415028e+00 1.437765116533948007e+00 1.385119371551529532e+00 1.358645672230487378e+00
3.216641604010025048e+02 1.351754534964780374e+00 1.399358556050130931e+00 1.423521401008785547e+00 1.391168605189286867e+00 1.352634128381973166e+00
3.218120300751879768e+02 1.348433904132551930e+00 1.351612390177023837e+00 1.414425381053412645e+00 1.381112100825461653e+00 1.338516666886689466e+00
3.219598997493734487e+02 1.345106118897695602e+00 1.299834972345895068e+00 1.410518357893169261e+00 1.371092383586906882e+00 1.333921524454306784e+00
3.221077694235589206e+02 1.340790938515898922e+00 1.306769118621257331e+00 1.406614075764020644e+00 1.361109232948719550e+00 1.354844464425897455e+00
3.222556390977443357e+02 1.329431750295618109e+00 1.344946025505081133e+00 1.402712570898046351e+00 1.338934783591759103e+00 1.374259367212760541e+00
3.224035087719298076e+02 1.318100067206770420e+00 1.382976668760657057e+00 1.362066285156959378e+00 1.320441396317395544e+00 1.367620950287914861e+00
3.225513784461152795e+02 1.320899061890022708e+00 1.399193934261802497e+00 1.312339357762599468e+00 1.327332583983076075e+00 1.360999565605167438e+00
3.226992481203007515e+02 1.326293171706330654e+00 1.403536551313293801e+00 1.293463711137867955e+00 1.329017406788615574e+00 1.354213446615104788e+00
3.228471177944862234e+02 1.331725674143645399e+00 1.328582314255934316e+00 1.297088149989103822e+00 1.329420963029010139e+00 1.342008956145985143e+00
3.229949874686716953e+02 1.328408429815699954e+00 1.258338783205541267e+00 1.300707772511789928e+00 1.329821990321163883e+00 1.329927527391274289e+00
3.231428571428571104e+02 1.319432433760130863e+00 1.270891705276534500e+00 1.304322629787822985e+00 1.325121962566063738e+00 1.324102471997000263e+00
3.232907268170425823e+02 1.298518495500416980e+00 1.283415096117809240e+00 1.305288001000035392e+00 1.311204059955498602e+00 1.321451943652397265e+00
3.234385964912280542e+02 1.273059933574630653e+00 1.289934786726176785e+00 1.294888378148877806e+00 1.307106981702704562e+00 1.320812578701404449e+00
3.235864661654135261e+02 1.263590932002693235e+00 1.279822722503351606e+00 1.274132344390102256e+00 1.314870528320757348e+00 1.320171196568918459e+00
3.237343358395989981e+02 1.254155190342495452e+00 1.285843483464615744e+00 1.256998584099960681e+00 1.311821244168821510e+00 1.315420451203769048e+00
3.238822055137844700e+02 1.244752517792752089e+00 1.287445966467892777e+00 1.252215850519263318e+00 1.308771748245177946e+00 1.303275327950556894e+00
3.240300751879699419e+02 1.235382725120812708e+00 1.288663931536396801e+00 1.247419966469672348e+00 1.305722065391861531e+00 1.290302790643355069e+00
3.241779448621554138e+02 1.245868959031256606e+00 1.288613964511253984e+00 1.242611190548785105e+00 1.295966742428747320e+00 1.279694337499434287e+00
3.243258145363408289e+02 1.253187815984107445e+00 1.288577527394356492e+00 1.266350201231692285e+00 1.282774863392120990e+00 1.270559735165185611e+00
3.244736842105263008e+02 1.265251072794237652e+00 1.276315006313558875e+00 1.293169370154159781e+00 1.277334285218116428e+00 1.261433328119430541e+00
3.246215538847117728e+02 1.261606605636515166e+00 1.256550533838475703e+00 1.278564712130625391e+00 1.277503356762972775e+00 1.251163625041282756e+00
3.247694235588972447e+02 1.258010922234007234e+00 1.218988036702069122e+00 1.269649635759450224e+00 1.274617238664775165e+00 1.236447429312272916e+00
3.249172932330827166e+02 1.254463188765243986e+00 1.205058901817525729e+00 1.267076945337367144e+00 1.271732939870096502e+00 1.230554418814727491e+00
3.250651629072681885e+02 1.250962590071859726e+00 1.224010119518085249e+00 1.264494727598709289e+00 1.268850463437235954e+00 1.249341022724329786e+00
3.252130325814536036e+02 1.238057655627107234e+00 1.242959493059516252e+00 1.261903024652867078e+00 1.249963928570069882e+00 1.268270146030843648e+00
3.253609022556390755e+02 1.232755289479250171e+00 1.261906787741659430e+00 1.268539308585958203e+00 1.246216696086328568e+00 1.256119730609023044e+00
3.255087719298245474e+02 1.237921100090422000e+00 1.278710372020451347e+00 1.262374391334589285e+00 1.251485283056477993e+00 1.243999459594935519e+00
3.256566416040100194e+02 1.244228320594650494e+00 1.276432640565896115e+00 1.249308650323084136e+00 1.250207796701819252e+00 1.231909237425037107e+00
3.258045112781954913e+02 1.250527757651115568e+00 1.250129806087157514e+00 1.249951112031383316e+00 1.246818821855776749e+00 1.213071231658995108e+00
3.259523809523809632e+02 1.256819410721909280e+00 1.227311277385794375e+00 1.255072806528194862e+00 1.243440820888962461e+00 1.193951233923199462e+00
3.261002506265664351e+02 1.254083195850912213e+00 1.245378984777439912e+00 1.260206958218786033e+00 1.238770453126440962e+00 1.181907142169383418e+00
3.262481203007519071e+02 1.220960696378089017e+00 1.268460466198186865e+00 1.265353609837584825e+00 1.223426461964253642e+00 1.181777227085881510e+00
3.263959899749373221e+02 1.209836825559325701e+00 1.286148057262769706e+00 1.184315929139857948e+00 1.253063845069180227e+00 1.181648362984968559e+00
3.265438596491227941e+02 1.201097911389352291e+00 1.282448307802753540e+00 1.144249268087814908e+00 1.248332037431797437e+00 1.181520546128190130e+00
3.266917293233082660e+02 1.192347029169665173e+00 1.269123427986877939e+00 1.164788127545091978e+00 1.236045087145517529e+00 1.179535665510701659e+00
3.268395989974937379e+02 1.183584166533861337e+00 1.211176334101758290e+00 1.187096722880088828e+00 1.223742590534476538e+00 1.171773022796724684e+00
3.269874686716792098e+02 1.174809311093178099e+00 1.209802835275935351e+00 1.209410474730007179e+00 1.211378360779041818e+00 1.177457146415024969e+00
3.271353383458646817e+02 1.167775831608508286e+00 1.209625274859927879e+00 1.231729398279781007e+00 1.189082340526730341e+00 1.191698151986486431e+00
3.272832080200500968e+02 1.164090279595151545e+00 1.209445448278880342e+00 1.225249103236218717e+00 1.169635732490857727e+00 1.192889039448960631e+00
3.274310776942355687e+02 1.159514231534467532e+00 1.200273866009960555e+00 1.173408453292438480e+00 1.155086562759090274e+00 1.188574250144054600e+00
3.275789473684210407e+02 1.151348592335776688e+00 1.181213554602060789e+00 1.137055052981940095e+00 1.150756531034793584e+00 1.184268508895946370e+00
3.277268170426065126e+02 1.143215971442780088e+00 1.161685559683978353e+00 1.135502574170313750e+00 1.151200332183871744e+00 1.176017732113750380e+00
3.278746867167919845e+02 1.135116165874110461e+00 1.150771867802808490e+00 1.140538531680473699e+00 1.151643436939233656e+00 1.164630856437762318e+00
3.280225563909774564e+02 1.127048974329706521e+00 1.144373316911818428e+00 1.145569621745705646e+00 1.152085846856177875e+00 1.152368661708664366e+00
3.281704260651629284e+02 1.119014197173274994e+00 1.143322543635450828e+00 1.150595843228070958e+00 1.142664674736953323e+00 1.138130709150390274e+00
3.283182957393484003e+02 1.151329181198966545e+00 1.142272937057489113e+00 1.157660123437207034e+00 1.126449043831343477e+00 1.144792906714434455e+00
3.284661654135338154e+02 1.166226072581269202e+00 1.141224505882340257e+00 1.150118940884832686e+00 1.091885347974819176e+00 1.152120170111929021e+00
3.286140350877192873e+02 1.165081466577339242e+00 1.109558434707211605e+00 1.139976138433584474e+00 1.103618401453576148e+00 1.159441654417786349e+00
3.287619047619047592e+02 1.163937063360274582e+00 1.096004947804933183e+00 1.142827816739920843e+00 1.115386172041305413e+00 1.162159909821577797e+00
3.289097744360902311e+02 1.162792866444458895e+00 1.098853402817335789e+00 1.153140672660899924e+00 1.127188755331725911e+00 1.150998415954077814e+00
3.290576441102757030e+02 1.157577895721769723e+00 1.101649904595792595e+00 1.163483326274979746e+00 1.138467371927567973e+00 1.128891099475837878e+00
3.292055137844611750e+02 1.124544681365899468e+00 1.104446270887217141e+00 1.171608287004640037e+00 1.124411441813110146e+00 1.115966909351751468e+00
3.293533834586465900e+02 1.092014563827629514e+00 1.105570452146834581e+00 1.157737251957933422e+00 1.112070066505957300e+00 1.119246166552455346e+00
3.295012531328320620e+02 1.099736226566614627e+00 1.087670092876831029e+00 1.126974585313464061e+00 1.105286232064236707e+00 1.122526462732432284e+00
3.296491228070175339e+02 1.109094114766848493e+00 1.072674261471311397e+00 1.119293213334404014e+00 1.100290868293741120e+00 1.125807804886266750e+00
3.297969924812030058e+02 1.118450968325042538e+00 1.091264538657126248e+00 1.129525008485134929e+00 1.095341787102551478e+00 1.121775241372599874e+00
3.299448621553884777e+02 1.127806796230081510e+00 1.101324107812634123e+00 1.140487027473053416e+00 1.090404029883172976e+00 1.118849603520934988e+00
3.300927318295739497e+02 1.119693661685262187e+00 1.108953185683905662e+00 1.151455563612073796e+00 1.082960282239445293e+00 1.123697761054142097e+00
3.302406015037594216e+02 1.104120977063939302e+00 1.116609540644709853e+00 1.144941248452527649e+00 1.085467876908313700e+00 1.119296440505228585e+00
3.303884711779448367e+02 1.097420960565693271e+00 1.113168950876568530e+00 1.107262557444459450e+00 1.106626292393692035e+00 1.109111339971687649e+00
3.305363408521303086e+02 1.085615015669371797e+00 1.094441200526679481e+00 1.069558374023234837e+00 1.125295732657135561e+00 1.098931505924007901e+00
3.306842105263157805e+02 1.073825049578310820e+00 1.065264435424448042e+00 1.073636140075673984e+00 1.120693224191989801e+00 1.085653028034296419e+00
3.308320802005012524e+02 1.062051085463533884e+00 1.046540587398074429e+00 1.091583720928063661e+00 1.116091539670572619e+00 1.069622354131908537e+00
3.309799498746867243e+02 1.050293146526475763e+00 1.054990507895803731e+00 1.109553674641462928e+00 1.111490663205414675e+00 1.068697267016227581e+00
3.311278195488721963e+02 1.055560956554028706e+00 1.063467068837568474e+00 1.127546034501035743e+00 1.106890578960370242e+00 1.072490262457971522e+00
3.312756892230576113e+02 1.093635524898383338e+00 1.071970379802159812e+00 1.114736393009349902e+00 1.082293821619802143e+00 1.068442527730866676e+00
3.314235588972430833e+02 1.106811717369985182e+00 1.069419329680370456e+00 1.075213790940640957e+00 1.084128010109904450e+00 1.063985603450028128e+00
3.315714285714285552e+02 1.093486209268011322e+00 1.059642868266823967e+00 1.045415657817023725e+00 1.086108910051124754e+00 1.059536933621419763e+00
3.317192982456140271e+02 1.080159672861282116e+00 1.041517168416805639e+00 1.035821439953253043e+00 1.088188931436396611e+00 1.055096483817279607e+00
3.318671679197994990e+02 1.066832116856999635e+00 1.027124393684850645e+00 1.030698941071308772e+00 1.090274711680647268e+00 1.035539254499455719e+00
3.320150375939849710e+02 1.053503549990230992e+00 1.019072042442218162e+00 1.025582566059114908e+00 1.092366275647646434e+00 1.013923360593072864e+00
3.321629072681704429e+02 1.055081187222379979e+00 1.014706877230878490e+00 1.020472309530760846e+00 1.081785679440716130e+00 1.001615271597873447e+00
3.323107769423559148e+02 1.088596493433159562e+00 1.010354412025704418e+00 1.024956363153086247e+00 1.049421878759409399e+00 1.006148831021160373e+00
3.324586466165413299e+02 1.083573550922988238e+00 9.983182652726046991e-01 1.026212655313139210e+00 1.026821828290459981e+00 1.010683373112481354e+00
3.326065162907268018e+02 1.078537241568042759e+00 9.772990281977507188e-01 1.025058560656723294e+00 1.034503064810529116e+00 1.014859688958003714e+00
3.327543859649122737e+02 1.073487494995160940e+00 1.027106771429906029e+00 1.029840356661639644e+00 1.047197707696284175e+00 1.007367764439738522e+00
3.329022556390977456e+02 1.068424240304231443e+00 1.076274909510319011e+00 1.034631066914484032e+00 1.059886367696178944e+00 1.016234739005802412e+00
3.330501253132832176e+02 1.055848173689734937e+00 1.073041830440295330e+00 1.039430717801502313e+00 1.072569076908725716e+00 1.033807270235225229e+00
3.331979949874686895e+02 1.029932396020490470e+00 1.069789747864096530e+00 1.045302383239674837e+00 1.064095839188966108e+00 1.040371925442500345e+00
3.333458646616541046e+02 1.004675524754943039e+00 1.061970100894436442e+00 1.051313910161184584e+00 1.032283507450635796e+00 1.038119984795258688e+00
3.334937343358395765e+02 9.963817868018136625e-01 1.039775423230581142e+00 1.049176995810355839e+00 1.006142616206841645e+00 1.035863282340241165e+00
3.336416040100250484e+02 9.925648921760812371e-01 1.020690224852052852e+00 1.038135056456970018e+00 9.974508799248590352e-01 1.027731593884822159e+00
3.337894736842105203e+02 9.887681781906199063e-01 1.020647193660591867e+00 1.038066882358305465e+00 9.887749477760506833e-01 1.018773382958680696e+00
3.339373433583959923e+02 9.849914350155701825e-01 1.019384194966193480e+00 1.037994436737604831e+00 9.801148217177395594e-01 1.018773204429007651e+00
3.340852130325814642e+02 9.760817358086555373e-01 1.014456225674507106e+00 1.037917716562526849e+00 9.675286930879972713e-01 1.024526694702065699e+00
3.342330827067669361e+02 9.861974361653387255e-01 1.009529759789724368e+00 1.031637893088812818e+00 9.707060415912885931e-01 1.026795917990010576e+00
3.343809523809524080e+02 1.000375372931648243e+00 9.946406745449741793e-01 1.016174526049381299e+00 9.875506172932059235e-01 1.028098999685267190e+00
3.345288220551378231e+02 1.009454355019366423e+00 9.732232468103111378e-01 1.007107988429955858e+00 9.966575406407842674e-01 1.029405539796353297e+00
3.346766917293232950e+02 1.018538062963413982e+00 1.002657995287337345e+00 1.005106303480361785e+00 9.901166912363522643e-01 1.026223723100166962e+00
3.348245614035087669e+02 1.027626487265869581e+00 1.035243364243108699e+00 1.013626357585699855e+00 9.835621984294022901e-01 1.011454137717928026e+00
3.349724310776942389e+02 1.036719618331598536e+00 1.029896138951721607e+00 1.022190368271375327e+00 9.769940323362754642e-01 9.811896622720873706e-01
3.351203007518797108e+02 1.014961540140169927e+00 1.024497903123077869e+00 1.030798649074305073e+00 9.580465447719307415e-01 9.586828737246403387e-01
3.352681704260651827e+02 9.900085640411162569e-01 1.019048222803510040e+00 1.013277510846346541e+00 9.744325869276682095e-01 9.604002727293482478e-01
3.354160401002505978e+02 9.869152080493216461e-01 9.914908045524134517e-01 9.737330969256460245e-01 1.003604454592227802e+00 9.621204263719633776e-01
3.355639097744360697e+02 9.904579819091642312e-01 9.732872765280904392e-01 9.526776491858074403e-01 9.991526340215772795e-01 9.638433416525686859e-01
3.357117794486215416e+02 9.939953558747010032e-01 9.629977196365110403e-01 9.506164166858063203e-01 9.874994625809841997e-01 9.615355972883625757e-01
3.358596491228070136e+02 9.975273353566378454e-01 9.524818212793974004e-01 9.516333182768647037e-01 9.758438758141491087e-01 9.705043753473443502e-01
3.360075187969924855e+02 1.001053925758897289e+00 9.533620023689186596e-01 9.526470966821143360e-01 9.632729130671527917e-01 1.009814713060227964e+00
3.361553884711779574e+02 1.006572379990232191e+00 9.564006820767777528e-01 9.536577562650880857e-01 9.524784208370979943e-01 1.022723722155524761e+00
3.363032581453634293e+02 1.007116556024162835e+00 9.562660180471764804e-01 9.544253565238992598e-01 9.648985404447730785e-01 1.006049700316828499e+00
3.364511278195488444e+02 1.004266345802822924e+00 9.411427093733000238e-01 9.445889609194632053e-01 9.849339984119973579e-01 9.893759444680176873e-01
3.365989974937343163e+02 1.001412061486835814e+00 9.195323797908295793e-01 9.340950315863929543e-01 9.921085130478374259e-01 9.713902456011723752e-01
3.367468671679197882e+02 9.985536935848172702e-01 8.998108452074491392e-01 9.360110814415673053e-01 9.992867847055630914e-01 9.475995120075337841e-01
3.368947368421052602e+02 9.956912325715339129e-01 9.078208963782686824e-01 9.379303720550746792e-01 1.006468817688134898e+00 9.523405319530565682e-01
3.370426065162907321e+02 9.746057639302765363e-01 9.170696494110959218e-01 9.398529160497898216e-01 1.013654616305459832e+00 9.680755390794956172e-01
3.371904761904762040e+02 9.362031843014476662e-01 9.263524684856977442e-01 9.531589255827109808e-01 9.854483965207582186e-01 9.786220301741240801e-01
3.373383458646616191e+02 9.094604332898786891e-01 9.297517886887782801e-01 9.746188231788600609e-01 9.316327251623660599e-01 9.868308899535293000e-01
3.374862155388470910e+02 9.108637257304003088e-01 9.266415876445066591e-01 9.766767549083357203e-01 9.077053198122840838e-01 9.950399298836063444e-01
3.376340852130325629e+02 9.122684897445622054e-01 9.313683657077376221e-01 9.645750785770064173e-01 9.198878705816742052e-01 1.003249165130546627e+00
3.377819548872180349e+02 9.136747292008019494e-01 9.493565779321404552e-01 9.624090388943744578e-01 9.320731781920876813e-01 9.989585143411724433e-01
3.379298245614035068e+02 9.150824479729741112e-01 9.631601336349031595e-01 9.602449230948435499e-01 9.442612445821418898e-01 9.556577697359753820e-01
3.380776942355889787e+02 9.014559599947717938e-01 9.724990665928382461e-01 9.580827271071227225e-01 9.472320058119119146e-01 9.219372371122256382e-01
3.382255639097744506e+02 8.836494486097465906e-01 9.818464687503988264e-01 9.536285305357117270e-01 9.461357929298922498e-01 9.167549343937936301e-01
3.383734335839599225e+02 8.894603804972580630e-01 9.711288285455805802e-01 9.356444070611276143e-01 9.244728921158560375e-01 9.115750434351295173e-01
3.385213032581453376e+02 8.952856712613720402e-01 9.648763712655572533e-01 9.241690721812062526e-01 9.241788550037162153e-01 9.063975614277253179e-01
3.386691729323308095e+02 9.011253752991509325e-01 9.695719889003068248e-01 9.230125486575111449e-01 9.238839770996519762e-01 8.965766170542086577e-01
3.388170426065162815e+02 9.069795472886796883e-01 9.637348920241434191e-01 9.218541347482989146e-01 9.235882548576178630e-01 9.037789176867643270e-01
3.389649122807017534e+02 9.127927885247405504e-01 9.597802173966785144e-01 9.206938254771143137e-01 9.227589733510476178e-01 9.357179517590709095e-01
3.391127819548872253e+02 9.378821983861412859e-01 9.564711465537278912e-01 9.198353830936896181e-01 9.134791232664215554e-01 9.602020807288926818e-01
3.392606516290726972e+02 9.387630877460363399e-01 9.521135556035206227e-01 9.284768917794778975e-01 9.043963174402472882e-01 9.576101286665110734e-01
3.394085213032581123e+02 9.372297553112646229e-01 9.319900753079367606e-01 9.304674393960785661e-01 9.042342625738828410e-01 9.550158922488936053e-01
3.395563909774435842e+02 9.358631297606821997e-01 9.320904481205684045e-01 9.163876562661564806e-01 9.101708432181647712e-01 9.471618914997717020e-01
3.397042606516290562e+02 9.344933877817819257e-01 1.028226186888864691e+00 9.167801820335721441e-01 9.161426624873678648e-01 9.367024767812527353e-01
3.398521303258145281e+02 9.331205403223323813e-01 1.013762030461527353e+00 9.175967139226969271e-01 9.220952532030817217e-01 9.257380190008739351e-01
3.400000000000000000e+02 9.323424665226586194e-01 9.788808264596974285e-01 9.183827801931676582e-01 9.274990073181068606e-01 9.199470429375877778e-01
