2.810000000000000000e+02 1.618514532176349580e-03 -2.613846595531912204e-02 -1.996784171292156559e-02 -1.114220792764814005e-02 6.111499615644387304e-03
2.811478696741854719e+02 -3.132070368647014991e-02 -8.397485336415594706e-03 -1.639946178841040353e-02 2.042728979085728456e-03 5.488291020713424208e-03
2.812957393483709438e+02 -1.361454564073820254e-02 -1.279489754780995924e-03 -8.905815751079931841e-03 -5.754774338885213988e-03 4.662178694257143423e-03
2.814436090225564158e+02 6.707668088685153802e-03 4.743898637809219367e-03 -3.820349943343021547e-03 -1.315948802659689179e-02 2.926715516074454744e-03
2.815914786967418308e+02 -1.731226486577341905e-02 -9.614127540240850409e-03 -5.948659467798727944e-03 -5.291418020188709201e-03 9.388276949852556938e-03
2.817393483709273028e+02 -3.129296211250771897e-02 -2.211935321258524240e-02 -6.771391990498989120e-03 7.290293654792786605e-03 1.461878805609699572e-02
2.818872180451127747e+02 -1.705357807252152330e-02 -4.969030462760046576e-03 -5.491946899032948935e-03 -8.245146682625681530e-04 -1.329604939388777732e-02
2.820350877192982466e+02 -1.181036934842594026e-02 -2.760602682285561577e-02 -1.587569137464003334e-03 -1.553534834847730695e-02 1.049692397081396049e-03
2.821829573934837185e+02 -2.831424475682606592e-02 -2.129248286446959113e-02 -1.509637714737291879e-02 -1.476920006701408668e-02 -5.431704899866515376e-03
2.823308270676691905e+02 -3.471599354924855690e-02 -2.901781791773118055e-02 -1.349071108637187738e-02 -9.109955681492953525e-03 -1.822122292870525032e-02
2.824786967418546624e+02 5.143980282536473637e-04 -6.096343367536904284e-02 -1.098725051785419751e-02 -1.475778915914231076e-02 1.064821065233247793e-02
2.826265664160400775e+02 3.110514245007531178e-03 -2.449055514659587846e-02 -1.999462106816376691e-02 2.433753726240580131e-02 -1.476366805298539621e-02
2.827744360902255494e+02 -1.638221583784504496e-03 -2.947264326456177502e-02 -1.934317130364073684e-02 -2.192815833732875835e-02 4.719139128480998209e-03
2.829223057644110213e+02 -4.263905632761515879e-02 -8.295503258201032681e-03 -1.760510344254061221e-02 1.207633347166243119e-02 -1.255406480112230064e-02
2.830701754385964932e+02 8.031306692381346259e-04 -2.890545444937677420e-03 -1.546952269811299914e-02 7.501525245191285017e-03 -1.346539504399003190e-02
2.832180451127819651e+02 1.012288506808437655e-02 3.654946029485438286e-02 3.035264795829612471e-03 -6.992007404198622225e-03 -1.356930079758626728e-02
2.833659147869674371e+02 -1.285944825151345491e-02 8.741219611466896373e-04 8.358735646329029309e-03 1.043527802845727048e-02 -5.260737038499816755e-03
2.835137844611529090e+02 6.860523077683965479e-03 8.997712373799976807e-03 2.958420529062493268e-02 -8.895439191498911990e-03 2.381199736275767601e-02
2.836616541353383241e+02 7.351100365206088630e-03 1.618452879749760626e-02 -3.350042676830003192e-03 -1.519700259365037390e-03 8.736249709319071979e-03
2.838095238095237960e+02 4.244752495887907373e-02 7.877827946157496541e-02 4.869174030741693637e-02 1.655046833687906158e-02 -1.205242162992715971e-02
2.839573934837092679e+02 1.630351291622095522e-01 1.304189591301394557e-01 9.455989059123619256e-02 4.944583645162558411e-02 1.645352548396117331e-02
2.841052631578947398e+02 5.323715046514951865e-01 4.412055038334514734e-01 2.799148173621288094e-01 1.162084474039640769e-01 5.285498035912655768e-02
2.842531328320802118e+02 1.113904696992384924e+00 9.485217979755172779e-01 5.845794741956792384e-01 2.424312595409508775e-01 1.144835305795115776e-01
2.844010025062656837e+02 1.274854883714390930e+00 1.054697126812727426e+00 6.672159082657899143e-01 3.235767515397743876e-01 1.279747744897801742e-01
2.845488721804511556e+02 1.215076634342957984e+00 1.081955934631612326e+00 7.366653007503631834e-01 3.158459900215725979e-01 1.597286362172611052e-01
2.846967418546365707e+02 1.702510795771738028e+00 1.474121098874096036e+00 9.304202575421163246e-01 4.455587061130118487e-01 2.177560620312006534e-01
2.848446115288220426e+02 2.040827767696657080e+00 1.845819113034946612e+00 1.191043130918444382e+00 5.435781422169813082e-01 3.067129529687234180e-01
2.849924812030075145e+02 1.676728559321245760e+00 1.471224165102901216e+00 9.557677881034020162e-01 5.017227388221978668e-01 2.875426796467764334e-01
2.851403508771929864e+02 1.104166569517949448e+00 1.021359519643098901e+00 6.995991309362489252e-01 3.407485847993491634e-01 2.150164448907019576e-01
2.852882205513784584e+02 8.478429642396073662e-01 7.753205200442556677e-01 5.350607311486110795e-01 2.902172063065968644e-01 1.775013633777958455e-01
2.854360902255639303e+02 8.603996901954313881e-01 8.064589540346187579e-01 5.717326272610200322e-01 2.801104607469575014e-01 1.750527434874742383e-01
2.855839598997493454e+02 1.104168192022491946e+00 1.061708246979071957e+00 6.731150771106474417e-01 3.366385347816487350e-01 2.113766261949328040e-01
2.857318295739348173e+02 1.313592474950843858e+00 1.220674184908249416e+00 8.057465972084556505e-01 3.870159062676074013e-01 2.398244296633058048e-01
2.858796992481202892e+02 1.446490083864067522e+00 1.352979846360943483e+00 8.933247943037104788e-01 4.525384912715968433e-01 2.731197614060141277e-01
2.860275689223057611e+02 1.582249234420732176e+00 1.435792503283461530e+00 9.548201348648918119e-01 4.829053983530912642e-01 2.822588202277827030e-01
2.861754385964912331e+02 1.692575414954100355e+00 1.532049883073990371e+00 1.048394513233285696e+00 5.518244079433841653e-01 3.451964644849665476e-01
2.863233082706767050e+02 1.798588803338253106e+00 1.628352690135322245e+00 1.142889066068744075e+00 6.844565708678681526e-01 5.452751357752126937e-01
2.864711779448621769e+02 1.827650680086014834e+00 1.741724170980616160e+00 1.446974469003353470e+00 1.090798827082497979e+00 9.282185076719812189e-01
2.866190476190475920e+02 1.795597644188043018e+00 1.735641712740517040e+00 1.443669147586892576e+00 1.209043157125790469e+00 1.109288248564535007e+00
2.867669172932330639e+02 1.840237276516158538e+00 1.776801665855251677e+00 1.473991831360602855e+00 1.215432650351454980e+00 1.117067858432660543e+00
2.869147869674185358e+02 2.041418806702774091e+00 1.950569063348982501e+00 1.605855651596227673e+00 1.274097411301589267e+00 1.192904349339816150e+00
2.870626566416040077e+02 2.288624359307378953e+00 2.168991564902934321e+00 1.836422211645460711e+00 1.526891208816772982e+00 1.386645869565160893e+00
2.872105263157894797e+02 2.397959476925231481e+00 2.301359921287187138e+00 1.980567426146510490e+00 1.670808688264016517e+00 1.561688747451940751e+00
2.873583959899749516e+02 2.471024664381356928e+00 2.372317407767534192e+00 2.078705953446409627e+00 1.778532700401466826e+00 1.662267671225036825e+00
2.875062656641604235e+02 2.511558366422591337e+00 2.428329430176857873e+00 2.116591321779025314e+00 1.854039671824766700e+00 1.738654533722302054e+00
2.876541353383458386e+02 2.670324273193714681e+00 2.603316189351192467e+00 2.232938350047732001e+00 1.923315659484341689e+00 1.810482994596069428e+00
2.878020050125313105e+02 2.901756451460918651e+00 2.770351865479688147e+00 2.386900964321915009e+00 2.006905606560111632e+00 1.869966148118480165e+00
2.879498746867167824e+02 2.917105929292380662e+00 2.793339873712221699e+00 2.397140227089446185e+00 2.010235745411012243e+00 1.897238736072019982e+00
2.880977443609022544e+02 2.760442203877621292e+00 2.658969444113036040e+00 2.268074010060974643e+00 1.953903427259116699e+00 1.841229177977030007e+00
2.882456140350877263e+02 2.541476479331877147e+00 2.472769725856887479e+00 2.160763748001589768e+00 1.881239113609799007e+00 1.797287371255591903e+00
2.883934837092731982e+02 2.377834681564838348e+00 2.296463906566724944e+00 2.055406469355983479e+00 1.858862269927735733e+00 1.775716022547762840e+00
2.885413533834586701e+02 2.260487691372047081e+00 2.201232779731159273e+00 2.003026312893526395e+00 1.821540174450007266e+00 1.778825957990895157e+00
2.886892230576440852e+02 2.228326896159172232e+00 2.189429030659266306e+00 1.984778644165024586e+00 1.803521009531460884e+00 1.755725708612782654e+00
2.888370927318295571e+02 2.201040212898621284e+00 2.153580142371092077e+00 2.007178292843740497e+00 1.818813866706401550e+00 1.787142859024024366e+00
2.889849624060150290e+02 2.175405160298876428e+00 2.124378891830538407e+00 1.994450990457142803e+00 1.867538454085741595e+00 1.821633060291949047e+00
2.891328320802005010e+02 2.173976640847425035e+00 2.142336650002373943e+00 2.001659897943073307e+00 1.894811067601210652e+00 1.863734239525174585e+00
2.892807017543859729e+02 2.240994081856333864e+00 2.167771089271734564e+00 2.064943302116146739e+00 1.950868608202585675e+00 1.938023645056039745e+00
2.894285714285714448e+02 2.264797194878946485e+00 2.258283363029707669e+00 2.115311197348790362e+00 2.010271068616141132e+00 2.007115895559759888e+00
2.895764411027569167e+02 2.258793415112632097e+00 2.247381931258314314e+00 2.142177372176929939e+00 2.076583598305822509e+00 2.071525316937457895e+00
2.897243107769423318e+02 2.228702932010633742e+00 2.216020651532362162e+00 2.168888942083246008e+00 2.133621114993184964e+00 2.144437242543092648e+00
2.898721804511278037e+02 2.192786373833722546e+00 2.221562461006096001e+00 2.188438094420085189e+00 2.174494931635591488e+00 2.227356049173396801e+00
2.900200501253132757e+02 2.201967742258695626e+00 2.179487690386368914e+00 2.203612175101327786e+00 2.191843035196882727e+00 2.260878779867464772e+00
2.901679197994987476e+02 2.197708894333511243e+00 2.218655714646954547e+00 2.189038017730287500e+00 2.216894243369183393e+00 2.262695850372013595e+00
2.903157894736842195e+02 2.187454095313643876e+00 2.219059921404698876e+00 2.223104950548908665e+00 2.244937036755787485e+00 2.293787945276052120e+00
2.904636591478696914e+02 2.228451054483359783e+00 2.256978577368615291e+00 2.240968725589126631e+00 2.258987906227009290e+00 2.289526224596436510e+00
2.906115288220551633e+02 2.222536707103670572e+00 2.254369458636047874e+00 2.286474546496870985e+00 2.288794376758584104e+00 2.349206614458323017e+00
2.907593984962405784e+02 2.258544009394915619e+00 2.272627001558491955e+00 2.306413605887357665e+00 2.318083053564218954e+00 2.342750904831959247e+00
2.909072681704260503e+02 2.309592190690897162e+00 2.341231365306564616e+00 2.385904042948373327e+00 2.373436776469381559e+00 2.405155720914188056e+00
2.910551378446115223e+02 2.374337545207601430e+00 2.420544819392341562e+00 2.444077262049193955e+00 2.431369381110037420e+00 2.483552063348570815e+00
2.912030075187969942e+02 2.441220750574098375e+00 2.484149004772841174e+00 2.485528849329986301e+00 2.500580946850913477e+00 2.531629374208507866e+00
2.913508771929824661e+02 2.465753880919585139e+00 2.493060629229348013e+00 2.512853714330099741e+00 2.564333707920286809e+00 2.591026330669672806e+00
2.914987468671679380e+02 2.512733307208836031e+00 2.563459449094739107e+00 2.588818361579816596e+00 2.604103427121088998e+00 2.625155647481332899e+00
2.916466165413534100e+02 2.516357457315854251e+00 2.572407939801939936e+00 2.627163665542474380e+00 2.650652703041961544e+00 2.671494730194349465e+00
2.917944862155388250e+02 2.567761128515004820e+00 2.618207187769320488e+00 2.635372871250566185e+00 2.661646599950554748e+00 2.698783085464083076e+00
2.919423558897242970e+02 2.582969235799597474e+00 2.647738156179665125e+00 2.672941198314719546e+00 2.696810762541550055e+00 2.741897422213243729e+00
2.920902255639097689e+02 2.585364213772548325e+00 2.642277471396718536e+00 2.653303144140479297e+00 2.709189424829550941e+00 2.751905377073215142e+00
2.922380952380952408e+02 2.575085606768008351e+00 2.654995961434523544e+00 2.695854123759801269e+00 2.738246515362269928e+00 2.776865663354693758e+00
2.923859649122807127e+02 2.590414562919397756e+00 2.656906809577682882e+00 2.698919914075607274e+00 2.738365756448523758e+00 2.783325928729940557e+00
2.925338345864661846e+02 2.599879011317928867e+00 2.670648387939859258e+00 2.718833091928209544e+00 2.743567442257055955e+00 2.821682028893246041e+00
2.926817042606515997e+02 2.570565808767462990e+00 2.653657006986281264e+00 2.699609367256696757e+00 2.779765172144715635e+00 2.826011499132575988e+00
2.928295739348370716e+02 2.578677586718975512e+00 2.655098260080431594e+00 2.709652866322360687e+00 2.795632116247962706e+00 2.833018818666080296e+00
2.929774436090225436e+02 2.572047993932902177e+00 2.620857925148769141e+00 2.712025185363277746e+00 2.791831926484336979e+00 2.841436840692367127e+00
2.931253132832080155e+02 2.562729594727675586e+00 2.630870798478357031e+00 2.710727263641392604e+00 2.767954172362432352e+00 2.862399453645172454e+00
2.932731829573934874e+02 2.539719921691031779e+00 2.614587074045527260e+00 2.705829072171050953e+00 2.783597776213686981e+00 2.862251443406873097e+00
2.934210526315789593e+02 2.538089552862591969e+00 2.596053992053055648e+00 2.685431855637280929e+00 2.765645524023859991e+00 2.843343543927146833e+00
2.935689223057644313e+02 2.527555066285152030e+00 2.602871312242192925e+00 2.686744326907096969e+00 2.785495909220894628e+00 2.844149838576864653e+00
2.937167919799499032e+02 2.503176021721461808e+00 2.574962717833739756e+00 2.661455531042892009e+00 2.759727426909941883e+00 2.834570453045877514e+00
2.938646616541353183e+02 2.471330420209180367e+00 2.533973398937560795e+00 2.662170315657184982e+00 2.761378058892008269e+00 2.855741515543106068e+00
2.940125313283207902e+02 2.458183048325642606e+00 2.522551645217316896e+00 2.639752585065881174e+00 2.742300238478986518e+00 2.830277318157502275e+00
2.941604010025062621e+02 2.439693352858531394e+00 2.508378110461712218e+00 2.622994458669486662e+00 2.747846531845028917e+00 2.832823887154022113e+00
2.943082706766917340e+02 2.427825060719047912e+00 2.490504446118126936e+00 2.585933621159756779e+00 2.742530406104130680e+00 2.810829691064773872e+00
2.944561403508772059e+02 2.419656106234979731e+00 2.477058602437701484e+00 2.592582763644672994e+00 2.739009108642555201e+00 2.829121949816667758e+00
2.946040100250626779e+02 2.390622223641763799e+00 2.440839565225648933e+00 2.581778904660420260e+00 2.717125717274788244e+00 2.809472485740295955e+00
2.947518796992480929e+02 2.366660701007896161e+00 2.421768585019459685e+00 2.570434735804056459e+00 2.703520761367130376e+00 2.807834359944859415e+00
2.948997493734335649e+02 2.344110707301891861e+00 2.399280168497858412e+00 2.566754402592422935e+00 2.696266028623780731e+00 2.809184071329985155e+00
2.950476190476190368e+02 2.325740696398560292e+00 2.404437866567526338e+00 2.556365200204451238e+00 2.702093977283872572e+00 2.820127954172834350e+00
2.951954887218045087e+02 2.305674261088502597e+00 2.366036359528369548e+00 2.546562697975507827e+00 2.691776150492760866e+00 2.810989062516949577e+00
2.953433583959899806e+02 2.275535218282175975e+00 2.366536613181953630e+00 2.545968011704829337e+00 2.699780831411393578e+00 2.814948885901010112e+00
2.954912280701754526e+02 2.282232768115873611e+00 2.344976701786498641e+00 2.514177109679756938e+00 2.684919848720202395e+00 2.774781902246702181e+00
2.956390977443609245e+02 2.239238810176506167e+00 2.329829581760980872e+00 2.516551476212782301e+00 2.694377129120649972e+00 2.820983869454153581e+00
2.957869674185463396e+02 2.253654597247351177e+00 2.312886695875488563e+00 2.499104333256112920e+00 2.675776045230264799e+00 2.793689648276894477e+00
2.959348370927318115e+02 2.293754966844173460e+00 2.289200615422635199e+00 2.504947098677724693e+00 2.695207434009026404e+00 2.804343104373950180e+00
2.960827067669172834e+02 2.215497244541657640e+00 2.283617999405984644e+00 2.492242687812088242e+00 2.676846102346024381e+00 2.796604116490799541e+00
2.962305764411027553e+02 2.210404770189689394e+00 2.297834344883654456e+00 2.483756318115222239e+00 2.684833143969787450e+00 2.797869843390710098e+00
2.963784461152882272e+02 2.171976637738227467e+00 2.275459755671812800e+00 2.465553347404018769e+00 2.661667246810620391e+00 2.771153807490642773e+00
2.965263157894736992e+02 2.181311667770121421e+00 2.244152786276263356e+00 2.447052560440114100e+00 2.654376562092856773e+00 2.770648537061468186e+00
2.966741854636591711e+02 2.164680061009862211e+00 2.207565637685064974e+00 2.462621744220033548e+00 2.653128525026393181e+00 2.775273419220380511e+00
2.968220551378445862e+02 2.166298723544526350e+00 2.222488243688524268e+00 2.434422936049682296e+00 2.641262272334618633e+00 2.760481534128679026e+00
2.969699248120300581e+02 2.132940704413293975e+00 2.224961884761351705e+00 2.464470266043305102e+00 2.646251421435112494e+00 2.763613158237344436e+00
2.971177944862155300e+02 2.126152056036651583e+00 2.192493275887092086e+00 2.436874157873467173e+00 2.639471009346071817e+00 2.762241689295374059e+00
2.972656641604010019e+02 2.115045576997904409e+00 2.176102417125983735e+00 2.433774544116984906e+00 2.622624089886923748e+00 2.755083601988403963e+00
2.974135338345864739e+02 2.108690308730392537e+00 2.169122093271078633e+00 2.430412937605901824e+00 2.624346089694704176e+00 2.738071163677785247e+00
2.975614035087719458e+02 2.102282168318583278e+00 2.155386013654967847e+00 2.408755291202087534e+00 2.625841404734706064e+00 2.721021520877601407e+00
2.977092731829574177e+02 2.095820482878214541e+00 2.139753380546991046e+00 2.390871305568930349e+00 2.624818383583693571e+00 2.709913001165944468e+00
2.978571428571428328e+02 2.087912410147819031e+00 2.125608326519127456e+00 2.380606250431092086e+00 2.623794529216168847e+00 2.703199716764707716e+00
2.980050125313283047e+02 2.073570808041415692e+00 2.137063009717101725e+00 2.375455409785089067e+00 2.610399868517793376e+00 2.694564265266868208e+00
2.981528822055137766e+02 2.054279096930295978e+00 2.145953365514994271e+00 2.370305367207992564e+00 2.585973454288017503e+00 2.684257412015564892e+00
2.983007518796992485e+02 2.041160614623653391e+00 2.136015005678366219e+00 2.365156128080672548e+00 2.570158051141178124e+00 2.674824488019629687e+00
2.984486215538847205e+02 2.035683784757510217e+00 2.126084403748162543e+00 2.360007697797872783e+00 2.561139315504271430e+00 2.672168901071167113e+00
2.985964912280701924e+02 2.021730005188450807e+00 2.116161563643311094e+00 2.352934823606835923e+00 2.550381642515795466e+00 2.685620498798560796e+00
2.987443609022556643e+02 2.017834604634794804e+00 2.102642090613555670e+00 2.330379554440157985e+00 2.540276907475681689e+00 2.676228500670756905e+00
2.988922305764410794e+02 2.013950450423091176e+00 2.088565369310097175e+00 2.314469042502925955e+00 2.540815608298145012e+00 2.664656699860114220e+00
2.990401002506265513e+02 1.996562307646583267e+00 2.094181767680950212e+00 2.310274230136954543e+00 2.529702175171863576e+00 2.646394523581054425e+00
2.991879699248120232e+02 1.977478184497977187e+00 2.104382618535478144e+00 2.306092129740231922e+00 2.522293699353979068e+00 2.626594605582242004e+00
2.993358395989974952e+02 1.967087808483107603e+00 2.095157232516049461e+00 2.301922674124281532e+00 2.518157776560558059e+00 2.611993406815006136e+00
2.994837092731829671e+02 1.946815977923627594e+00 2.079248865549644165e+00 2.298289609134742228e+00 2.484149460559136990e+00 2.601763200792290398e+00
2.996315789473684390e+02 1.939411394313546477e+00 2.062048523086292828e+00 2.298113964045915392e+00 2.467791943533551358e+00 2.594170474100903068e+00
2.997794486215539109e+02 1.935470972548859248e+00 2.026655128382958360e+00 2.276905726009722297e+00 2.457806198804123543e+00 2.588877913261813823e+00
2.999273182957393260e+02 1.931537549497570394e+00 1.991484161479023962e+00 2.256198360987773821e+00 2.449352635536230949e+00 2.584643470378594099e+00
3.000751879699247979e+02 1.936075545416280352e+00 1.983878010335734077e+00 2.251552833707429091e+00 2.451958523802317824e+00 2.569278018015673126e+00
3.002230576441102698e+02 1.953442404480148165e+00 2.001022098263222304e+00 2.247869821239043553e+00 2.454504912292642782e+00 2.562122016210078623e+00
3.003709273182957418e+02 1.936208437900762025e+00 1.992425136369504024e+00 2.244202860938743882e+00 2.449739923968004884e+00 2.556796846334020490e+00
3.005187969924812137e+02 1.907683179825231390e+00 1.983898026586600416e+00 2.240551874145929823e+00 2.438479005524207377e+00 2.551478538125631967e+00
3.006666666666666856e+02 1.903725542361605294e+00 1.975439905160021770e+00 2.234071480316172309e+00 2.428790200601152360e+00 2.534634812723471686e+00
3.008145363408521007e+02 1.899775247821671176e+00 1.966218243587642078e+00 2.206298619469203803e+00 2.426514225664731850e+00 2.529911251353041735e+00
3.009624060150375726e+02 1.895832275124568422e+00 1.955154575868132572e+00 2.205152398675608083e+00 2.424257346415254144e+00 2.520718377266650823e+00
3.011102756892230445e+02 1.908098656766982204e+00 1.939637836945480309e+00 2.203995711551735237e+00 2.421205514776431755e+00 2.505239023894876293e+00
3.012581453634085165e+02 1.916444743131949124e+00 1.929984085121826842e+00 2.202828584022947123e+00 2.418107266234113428e+00 2.492400950016449457e+00
3.014060150375939884e+02 1.893041868937010763e+00 1.932177473155111791e+00 2.201651041950046128e+00 2.416220295971994947e+00 2.487186968618255722e+00
3.015538847117794603e+02 1.866918657077317079e+00 1.934342151683893674e+00 2.189451267020480874e+00 2.394149348259887677e+00 2.487034238172880052e+00
3.017017543859649322e+02 1.850191793002603058e+00 1.926483999255078183e+00 2.153568353386802858e+00 2.394206281926598567e+00 2.486933822811238759e+00
3.018496240601504041e+02 1.838624964353356761e+00 1.914170079878310338e+00 2.127864475017235968e+00 2.394247928452648999e+00 2.476408004910537919e+00
3.019974937343358192e+02 1.834353581848045867e+00 1.909698213331506134e+00 2.129652994511418207e+00 2.383183385445146296e+00 2.465426007295048461e+00
3.021453634085212911e+02 1.832329204905801090e+00 1.895346991912326695e+00 2.131442362543990665e+00 2.367502922652654274e+00 2.444629406225893309e+00
3.022932330827067631e+02 1.832949970821814878e+00 1.890485943837936889e+00 2.133232581612533707e+00 2.356102495852409717e+00 2.431786498197714419e+00
3.024411027568922350e+02 1.822341304198239476e+00 1.893132611038938595e+00 2.135023654221898326e+00 2.332198881152144132e+00 2.424038770938447218e+00
3.025889724310777069e+02 1.816541718377552961e+00 1.895771653787572619e+00 2.136547918401795698e+00 2.307353462217803575e+00 2.422977687014656656e+00
3.027368421052631788e+02 1.817953193531824718e+00 1.888825619062375782e+00 2.111250150115151936e+00 2.295450301091829015e+00 2.420273688283612668e+00
3.028847117794485939e+02 1.818633609471663748e+00 1.871477994858876892e+00 2.082831571785540792e+00 2.287743475004472504e+00 2.412610116581644704e+00
3.030325814536340658e+02 1.807979193934572626e+00 1.877491322634524895e+00 2.072018744232928089e+00 2.290126290711712365e+00 2.398905735894641289e+00
3.031804511278195378e+02 1.797305355730187681e+00 1.883235650901805558e+00 2.064096305543867693e+00 2.292584251645286564e+00 2.385163553883116627e+00
3.033283208020050097e+02 1.786977761975387047e+00 1.875490463053135937e+00 2.056194221921959553e+00 2.278564266218857881e+00 2.376031943339526720e+00
3.034761904761904816e+02 1.765628420571608181e+00 1.867753375608959265e+00 2.056425563816009383e+00 2.246504224328892185e+00 2.356806160753336155e+00
3.036240601503759535e+02 1.748376020436801292e+00 1.853625432746780266e+00 2.069157147489130377e+00 2.216181832143468977e+00 2.332348625706356593e+00
3.037719298245614254e+02 1.741660992644453954e+00 1.820726475829355762e+00 2.062242369112901486e+00 2.202214258483561782e+00 2.315912142255448725e+00
3.039197994987468405e+02 1.737297217438245278e+00 1.793138814312428941e+00 2.036060934959972091e+00 2.195108150153243454e+00 2.303889299906547006e+00
3.040676691729323124e+02 1.736645597535848351e+00 1.792831280885443190e+00 2.024290790280179664e+00 2.205680323162705125e+00 2.288014923476399787e+00
3.042155388471177844e+02 1.734347098760401495e+00 1.790628833505770068e+00 2.012560263239115521e+00 2.212143632663585269e+00 2.272659444731211842e+00
3.043634085213032563e+02 1.728094695114124280e+00 1.788465300033889704e+00 2.000869197426426105e+00 2.190093206837271822e+00 2.258903421761223829e+00
3.045112781954887282e+02 1.707775420558142798e+00 1.786340854857585203e+00 1.989217437438569158e+00 2.159577897529639579e+00 2.236904444236510692e+00
3.046591478696742001e+02 1.692569365531495951e+00 1.782037587848078530e+00 1.965612910490751375e+00 2.136573926844594684e+00 2.214612823815379272e+00
3.048070175438596721e+02 1.685233339157683030e+00 1.775176414209706399e+00 1.930343018048417791e+00 2.122775732470228771e+00 2.197811866405036341e+00
3.049548872180450871e+02 1.677919338612537947e+00 1.764537475886487794e+00 1.923544201240079410e+00 2.112655399430886760e+00 2.177872510542967710e+00
3.051027568922305591e+02 1.678367289524203443e+00 1.753275838071358672e+00 1.916737112919828734e+00 2.104951467967108858e+00 2.155930555730287690e+00
3.052506265664160310e+02 1.679252215217249766e+00 1.743340505056232947e+00 1.909921681667012372e+00 2.098142358698801058e+00 2.136675546207904119e+00
3.053984962406015029e+02 1.675295320628682028e+00 1.734751603733669656e+00 1.903097835028425555e+00 2.072674555119654372e+00 2.125441477753107211e+00
3.055463659147869748e+02 1.652112686539084274e+00 1.726159733238928906e+00 1.896664027294557409e+00 2.044937288109574425e+00 2.123519688020710561e+00
3.056942355889724467e+02 1.648205093640037644e+00 1.700269318564552101e+00 1.871877825211683444e+00 2.028363139536696558e+00 2.119238808501305193e+00
3.058421052631579187e+02 1.649488301446424776e+00 1.686179424686850892e+00 1.844390666089602782e+00 2.015909471033451528e+00 2.103331087406256295e+00
3.059899749373433337e+02 1.648588529618126630e+00 1.683072535816048987e+00 1.830205846802454461e+00 1.988009773865412333e+00 2.073833952570177885e+00
3.061378446115288057e+02 1.639284767345790650e+00 1.681303623609881503e+00 1.820228619582162199e+00 1.958097226031245919e+00 2.050419302773851982e+00
3.062857142857142776e+02 1.632768831388753172e+00 1.680536086813026353e+00 1.810284175301171361e+00 1.941034884769804014e+00 2.031002585331127097e+00
3.064335839598997495e+02 1.603312777545348844e+00 1.679788957438508312e+00 1.804398419926964037e+00 1.920727717746591345e+00 2.011637578748184385e+00
3.065814536340852214e+02 1.599496498323618399e+00 1.672719628461009966e+00 1.809733855031136596e+00 1.904831719848613991e+00 2.001979181025788979e+00
3.067293233082706934e+02 1.597677395620952234e+00 1.640824257228337135e+00 1.806049615904141037e+00 1.889558245102525902e+00 1.988764030073101541e+00
3.068771929824561653e+02 1.595826897964919722e+00 1.603513375659506135e+00 1.783417120051631999e+00 1.876074829081955775e+00 1.973844637310547823e+00
3.070250626566415804e+02 1.591679952542103482e+00 1.573950777538634327e+00 1.762963266239857552e+00 1.870122514828580051e+00 1.952525130268671916e+00
3.071729323308270523e+02 1.583141741536057800e+00 1.574948816847989042e+00 1.742606041645490045e+00 1.862616089493913440e+00 1.931800743976146872e+00
3.073208020050125242e+02 1.566671853252819879e+00 1.576633507220881469e+00 1.722344803985146333e+00 1.835553067583469034e+00 1.915682436528566068e+00
3.074686716791979961e+02 1.544497061724374287e+00 1.578419769215735124e+00 1.713300987850092438e+00 1.802664037426656707e+00 1.879762000557014812e+00
3.076165413533834680e+02 1.527709121139313453e+00 1.580308518158632713e+00 1.709252737415127843e+00 1.774189523639226440e+00 1.855533553264791857e+00
3.077644110275689400e+02 1.518603070698790525e+00 1.565932992307353500e+00 1.694375506217819849e+00 1.756508590581948415e+00 1.840401931468079733e+00
3.079122807017544119e+02 1.513808098674597646e+00 1.547361432341592291e+00 1.673536831285960425e+00 1.753127433460319073e+00 1.824099025648888484e+00
3.080601503759398270e+02 1.511947331237853520e+00 1.541583284513845076e+00 1.661625415578222853e+00 1.762850730255929088e+00 1.806882771992597947e+00
3.082080200501252989e+02 1.508213381399208242e+00 1.536507949536917161e+00 1.649789962400342036e+00 1.765664723551324533e+00 1.791168648267308816e+00
3.083558897243107708e+02 1.499524330767053826e+00 1.532038979268820267e+00 1.638030330827980663e+00 1.741084734868389328e+00 1.776419222960526678e+00
3.085037593984962427e+02 1.472228459315480409e+00 1.527544132302883995e+00 1.640487439482537280e+00 1.712926744416039204e+00 1.758081693084058816e+00
3.086516290726817147e+02 1.468115583695622117e+00 1.523023146468363453e+00 1.638959830900462045e+00 1.692984617961179161e+00 1.739878039035474222e+00
3.087994987468671866e+02 1.464004412716978232e+00 1.495303711499208932e+00 1.610497209461201562e+00 1.679182186522291120e+00 1.723518883732036100e+00
3.089473684210526017e+02 1.467165362442502952e+00 1.516183393045869021e+00 1.595199853524348121e+00 1.654377585579643206e+00 1.700230259582033554e+00
3.090952380952380736e+02 1.471244725836916567e+00 1.527269058840785787e+00 1.586046686228387070e+00 1.634209628252646151e+00 1.675374045613742702e+00
3.092431077694235455e+02 1.467456263174234721e+00 1.526634106785190959e+00 1.576953097869740139e+00 1.623172246221120663e+00 1.658052637253218053e+00
3.093909774436090174e+02 1.448200263918214326e+00 1.525988275244156478e+00 1.567425662314043455e+00 1.612181996532069617e+00 1.653579850852838540e+00
3.095388471177944893e+02 1.429251476102885832e+00 1.522904096830034693e+00 1.554181325543816383e+00 1.601183602624763447e+00 1.659397671611307024e+00
3.096867167919799613e+02 1.425544115666768974e+00 1.500308455193379187e+00 1.532878380727507928e+00 1.593831648062444817e+00 1.659444940092719367e+00
3.098345864661654332e+02 1.423453965897698792e+00 1.472765131298148011e+00 1.513720438170226057e+00 1.585799587778020658e+00 1.646042041697669545e+00
3.099824561403509051e+02 1.427923239046113624e+00 1.449654248991549821e+00 1.507698841184540894e+00 1.572473085224255884e+00 1.622180790562862240e+00
3.101303258145363202e+02 1.432597252899087792e+00 1.449630108733917178e+00 1.502247295612203049e+00 1.559219534985652800e+00 1.608438574829015089e+00
3.102781954887217921e+02 1.431407150761965452e+00 1.454364512761705308e+00 1.496789089384203075e+00 1.546699739415863473e+00 1.597246503506600357e+00
3.104260651629072640e+02 1.421431686196200639e+00 1.459123368267613685e+00 1.491324056852931346e+00 1.528469359564491814e+00 1.595606392062168810e+00
3.105739348370927360e+02 1.412763799696624023e+00 1.463907134684386824e+00 1.494415132309649730e+00 1.512165313273321043e+00 1.590898226599994469e+00
3.107218045112782079e+02 1.414805301886973510e+00 1.459083090993226417e+00 1.462421926295777830e+00 1.505280564129561682e+00 1.580352255501033421e+00
3.108696741854636798e+02 1.416850344377988291e+00 1.449476944265116973e+00 1.460965287871616169e+00 1.500644924693976590e+00 1.569742705271558680e+00
3.110175438596490949e+02 1.414831236892722499e+00 1.428155018549651212e+00 1.459506596142596369e+00 1.498813216002688797e+00 1.559005559639724092e+00
3.111654135338345668e+02 1.412436537404824888e+00 1.412620094247979852e+00 1.458045806760497998e+00 1.493469864688272031e+00 1.549364384358838720e+00
3.113132832080200387e+02 1.402194685428691301e+00 1.406867624382738491e+00 1.456582874419634521e+00 1.484822162696477710e+00 1.541284126282494782e+00
3.114611528822055107e+02 1.389317000394404644e+00 1.401072992860206812e+00 1.455205063828324707e+00 1.474580925941005871e+00 1.522772119415941150e+00
3.116090225563909826e+02 1.384582888110447163e+00 1.384049486048831934e+00 1.446245600037791013e+00 1.468054972216909615e+00 1.504320761961873698e+00
3.117568922305764545e+02 1.385219094317216904e+00 1.372148440285741344e+00 1.432040611143642561e+00 1.465006790973971018e+00 1.495987694519717248e+00
3.119047619047619264e+02 1.374567969323188255e+00 1.377239351287107283e+00 1.422724595741649001e+00 1.463812879636605224e+00 1.486050578860710791e+00
3.120526315789473415e+02 1.361309089789118465e+00 1.390835748719132070e+00 1.418787187735767619e+00 1.463431417156118908e+00 1.476968500941916673e+00
3.122005012531328134e+02 1.356863904633325735e+00 1.386647832279076731e+00 1.414863462638624947e+00 1.459871086609022761e+00 1.471044179173937039e+00
3.123483709273182853e+02 1.352849458530066107e+00 1.382459224822747856e+00 1.411311453366573154e+00 1.447626398802611458e+00 1.465155667772702452e+00
3.124962406015037573e+02 1.350969583597267265e+00 1.378269943045507651e+00 1.416043609850771601e+00 1.434882617285525797e+00 1.459303180184203796e+00
3.126441102756892292e+02 1.354349541731826312e+00 1.351722672208229392e+00 1.409211027380863790e+00 1.429154949278730324e+00 1.453486937840169135e+00
3.127919799498747011e+02 1.355915111907664228e+00 1.327710582024924646e+00 1.399700089750679499e+00 1.425589755167460115e+00 1.447490740420534605e+00
3.129398496240601730e+02 1.338348165167106751e+00 1.350946095666512692e+00 1.397961320453440459e+00 1.419179925928951480e+00 1.438067715832536564e+00
3.130877192982455881e+02 1.333015420944406948e+00 1.378640169430864093e+00 1.397246250312756510e+00 1.400279971404420287e+00 1.428684434681908089e+00
3.132355889724310600e+02 1.328443722019360340e+00 1.380510165125713673e+00 1.396545268263720718e+00 1.392691069059320830e+00 1.424633147333379979e+00
3.133834586466165320e+02 1.319114347116116193e+00 1.378887288208537676e+00 1.392479365186477747e+00 1.379780263263054696e+00 1.421579297833682531e+00
3.135313283208020039e+02 1.312522677140131044e+00 1.371539557525843334e+00 1.376858581786420066e+00 1.360867304935789113e+00 1.418583495132681005e+00
3.136791979949874758e+02 1.314807146012437533e+00 1.348436864147727787e+00 1.354122761024542099e+00 1.358174242987934210e+00 1.415656243358093924e+00
3.138270676691729477e+02 1.319105992822383389e+00 1.327268245404449765e+00 1.351587091880298797e+00 1.358778214972996112e+00 1.413439247713907498e+00
3.139749373433584196e+02 1.326882386644857137e+00 1.322801420264547501e+00 1.350413425532184242e+00 1.366497582411534850e+00 1.404831801071842579e+00
3.141228070175438347e+02 1.333063887886888788e+00 1.317375877014009378e+00 1.349218070201738451e+00 1.372670090489088501e+00 1.394765148693643875e+00
3.142706766917293066e+02 1.326105669522604558e+00 1.318948853674521970e+00 1.348000973670378411e+00 1.366087207688892358e+00 1.390980197673262975e+00
3.144185463659147786e+02 1.315209665599513800e+00 1.320512484770903550e+00 1.346762083583610048e+00 1.354864499982827208e+00 1.387185346602704872e+00
3.145664160401002505e+02 1.311217142025073557e+00 1.308052502303926889e+00 1.321817436775988064e+00 1.348262373786160317e+00 1.383380757773900571e+00
3.147142857142857224e+02 1.314409782425889572e+00 1.288832488140270405e+00 1.310088174406404127e+00 1.347790389327354177e+00 1.376764815782110851e+00
3.148621553884711943e+02 1.317594711096295779e+00 1.298418909057488912e+00 1.304394415167692944e+00 1.344346481129220949e+00 1.369160702767764581e+00
3.150100250626566094e+02 1.307766593217061235e+00 1.311701707918150550e+00 1.305969271633286244e+00 1.341254486162724913e+00 1.361585233940379780e+00
3.151578947368420813e+02 1.303865055484045188e+00 1.319381931853190526e+00 1.307561955471455484e+00 1.339091780556141309e+00 1.356667528402028422e+00
3.153057644110275533e+02 1.286766680602119406e+00 1.321437859745782761e+00 1.309172464987771178e+00 1.329471687634845356e+00 1.354833090377118854e+00
3.154536340852130252e+02 1.281221138717375752e+00 1.323472641565251351e+00 1.312775261138428684e+00 1.318737694070555300e+00 1.352999081071734055e+00
3.156015037593984971e+02 1.282582557426918957e+00 1.309071542505310548e+00 1.315828569343106214e+00 1.316021955242662633e+00 1.347794351846064220e+00
3.157493734335839690e+02 1.283766885602312335e+00 1.292058404572394181e+00 1.306394136236242121e+00 1.315478258128615519e+00 1.343732527144585909e+00
3.158972431077694409e+02 1.280142173436426445e+00 1.291661265657527036e+00 1.306198059288912416e+00 1.314033625015770479e+00 1.335319357274898922e+00
3.160451127819549129e+02 1.276517597313429953e+00 1.298144060232768515e+00 1.309121521332639260e+00 1.312570937958647210e+00 1.326973128539660207e+00
3.161929824561403279e+02 1.273852563940367499e+00 1.298286035108076497e+00 1.312027636446041923e+00 1.312043383910241445e+00 1.324380269805242261e+00
3.163408521303257999e+02 1.265455679315668824e+00 1.298433205860943795e+00 1.314108928414847943e+00 1.303996812765014557e+00 1.323218346592311967e+00
3.164887218045112718e+02 1.258750085079663572e+00 1.298585560412936379e+00 1.308560703478918841e+00 1.296614095909717213e+00 1.320526803983789854e+00
3.166365914786967437e+02 1.261717085666596239e+00 1.294545753880380179e+00 1.294190107193198713e+00 1.300352483905886425e+00 1.317193159021573745e+00
3.167844611528822156e+02 1.263275706693819611e+00 1.285931476966656106e+00 1.294580972936654195e+00 1.303989693342376244e+00 1.312360222792712916e+00
3.169323308270676876e+02 1.261620520450039029e+00 1.272119810610847557e+00 1.297480718982558345e+00 1.307323175519370162e+00 1.303415326828842868e+00
3.170802005012531026e+02 1.260162297953429267e+00 1.260173880941963809e+00 1.300370877502557310e+00 1.307032640850686267e+00 1.295209700339917447e+00
3.172280701754385746e+02 1.251106670856645398e+00 1.261227196195461531e+00 1.303251451435647690e+00 1.300019762342058183e+00 1.292933465814909644e+00
3.173759398496240465e+02 1.237105091341080820e+00 1.262159310255726030e+00 1.297250907303694190e+00 1.285856800442554126e+00 1.296426647436640822e+00
3.175238095238095184e+02 1.228140579244306085e+00 1.260412248092432241e+00 1.276098813342674498e+00 1.275315951924006042e+00 1.300357638662885451e+00
3.176716791979949903e+02 1.226018468266862671e+00 1.258544901645944458e+00 1.256252249809515886e+00 1.272985475916292408e+00 1.298704163193017846e+00
3.178195488721804622e+02 1.223903617996074278e+00 1.243595119742089583e+00 1.252166452280858877e+00 1.272696066347432486e+00 1.291865692204558380e+00
3.179674185463659342e+02 1.238631340447555740e+00 1.228964616600461746e+00 1.254849793395785840e+00 1.274075947392502295e+00 1.283525319663693987e+00
3.181152882205514061e+02 1.246024463822459127e+00 1.229323577068231810e+00 1.257513159266756331e+00 1.272241594852270286e+00 1.280163482805229291e+00
3.182631578947368212e+02 1.235464475583039290e+00 1.229676497124233769e+00 1.260156743117208489e+00 1.262745450508698797e+00 1.279600484838038899e+00
3.184110275689222931e+02 1.227479931454688256e+00 1.230023428636466631e+00 1.255245971821756568e+00 1.253315230137365788e+00 1.287235427409566535e+00
3.185588972431077650e+02 1.222586559600940648e+00 1.217767134169770005e+00 1.248525495248143713e+00 1.247751622356121581e+00 1.284211738052988938e+00
3.187067669172932369e+02 1.217708270077974442e+00 1.203031288515568509e+00 1.234161116490561483e+00 1.245093510399433390e+00 1.279611799581978904e+00
3.188546365914787089e+02 1.213690982156495402e+00 1.206569266191089174e+00 1.230175285172844912e+00 1.242444340505710176e+00 1.271540500193329093e+00
3.190025062656641808e+02 1.225611343886776172e+00 1.216780412314288462e+00 1.230879913461664144e+00 1.250475623764373934e+00 1.262724378451982821e+00
3.191503759398495959e+02 1.227083462289043636e+00 1.216657970900066887e+00 1.231582365233818255e+00 1.250163291721603676e+00 1.257185096936014101e+00
3.192982456140350678e+02 1.219171954897362964e+00 1.212423360392993477e+00 1.232819389384291364e+00 1.242563998816269111e+00 1.251806994389037087e+00
3.194461152882205397e+02 1.211835894645737488e+00 1.205952956645664154e+00 1.236994553322916301e+00 1.224635647266275607e+00 1.245043362180562330e+00
3.195939849624060116e+02 1.213694810903084953e+00 1.187228062243891547e+00 1.232992583870458514e+00 1.221423183777125665e+00 1.240463533774158966e+00
3.197418546365914835e+02 1.213563750147969023e+00 1.172225822320306365e+00 1.226085673631000406e+00 1.219703974386699530e+00 1.240331551457269477e+00
3.198897243107769555e+02 1.204683648598418921e+00 1.195765975472327547e+00 1.224613075875880863e+00 1.217160183452986821e+00 1.237922273096023984e+00
3.200375939849624274e+02 1.195941687075957383e+00 1.220624239216610674e+00 1.230239871134966245e+00 1.214575938620573448e+00 1.231251678154184903e+00
3.201854636591478993e+02 1.191714958663494306e+00 1.223221188082200150e+00 1.235875502544586224e+00 1.212608751432650234e+00 1.232230376113085057e+00
3.203333333333333144e+02 1.181896562161026454e+00 1.225820527840006502e+00 1.241519973026197876e+00 1.203311310359725939e+00 1.229426594154856556e+00
3.204812030075187863e+02 1.175823126341105862e+00 1.220723203642863908e+00 1.228278473325787656e+00 1.196924739058613740e+00 1.225894088162053919e+00
3.206290726817042582e+02 1.179234383394859531e+00 1.203202499666280900e+00 1.209987908900480802e+00 1.198670019339016513e+00 1.223854495392151742e+00
3.207769423558897302e+02 1.180723832443544952e+00 1.197755761121650053e+00 1.214004361256545872e+00 1.198025896298961168e+00 1.220204383510659074e+00
3.209248120300752021e+02 1.180276620896354878e+00 1.183979179575340934e+00 1.218022398512311755e+00 1.194961242217400521e+00 1.214172802634349679e+00
3.210726817042606740e+02 1.178846542978067458e+00 1.174886524772439156e+00 1.222042025530791109e+00 1.198648346299340472e+00 1.209612482956651025e+00
3.212205513784460891e+02 1.160282876581563372e+00 1.178586520106838620e+00 1.226063247181105487e+00 1.202332457122507359e+00 1.210162628275399221e+00
3.213684210526315610e+02 1.144878652225155946e+00 1.179944737638999319e+00 1.213675147579026392e+00 1.196797718432671243e+00 1.214592057823131510e+00
3.215162907268170329e+02 1.139892643266621652e+00 1.171260893529723068e+00 1.187930889568190596e+00 1.195737711682506532e+00 1.219030683559096273e+00
3.216641604010025048e+02 1.134940911944074537e+00 1.162567265109251124e+00 1.172751216210328851e+00 1.196630083575779269e+00 1.215956221725163822e+00
3.218120300751879768e+02 1.147184682739681882e+00 1.160783642901311641e+00 1.170648993511050451e+00 1.188210034760419420e+00 1.206430135746369370e+00
3.219598997493734487e+02 1.164109087692680955e+00 1.148345971336287574e+00 1.172128785177896981e+00 1.179734808816326419e+00 1.194894138253532745e+00
3.221077694235589206e+02 1.166411107756041732e+00 1.152644471001251336e+00 1.173601229919541522e+00 1.178977091619258566e+00 1.187673284819031227e+00
3.222556390977443357e+02 1.155729143491524891e+00 1.156922751481948897e+00 1.175066382717965041e+00 1.175085630043795737e+00 1.187123116308352433e+00
3.224035087719298076e+02 1.145105488974347718e+00 1.161180941783466425e+00 1.174095018597791196e+00 1.171034571371961430e+00 1.192769558416473474e+00
3.225513784461152795e+02 1.140582869008877953e+00 1.150603928643598950e+00 1.168853284107109092e+00 1.176099192842808616e+00 1.196461621716015999e+00
3.226992481203007515e+02 1.136788376711701964e+00 1.139818404148677855e+00 1.159609515859222340e+00 1.183406726224054850e+00 1.192834744459960294e+00
3.228471177944862234e+02 1.136890333598265634e+00 1.145930043628951234e+00 1.159784855474833343e+00 1.192285850074091380e+00 1.185296913067158009e+00
3.229949874686716953e+02 1.148539760565110424e+00 1.154560711124921868e+00 1.159966397039927877e+00 1.196066236788258186e+00 1.177804052182046091e+00
3.231428571428571104e+02 1.150308498229159815e+00 1.155200838105813421e+00 1.160154088325793031e+00 1.191531231575186478e+00 1.174930918774544919e+00
3.232907268170425823e+02 1.142900172625006538e+00 1.155645451054454931e+00 1.164515341042071661e+00 1.177388821021829068e+00 1.173178501205431434e+00
3.234385964912280542e+02 1.132127417636441757e+00 1.151817399832647748e+00 1.174520897697449939e+00 1.164578528761575971e+00 1.171418265359438049e+00
3.235864661654135261e+02 1.132756301935502474e+00 1.136196850612645415e+00 1.174515915834078550e+00 1.162363800650952461e+00 1.171310452478772302e+00
3.237343358395989981e+02 1.133383320111506221e+00 1.138362335365149747e+00 1.164217615961820274e+00 1.164104627813419501e+00 1.169877706759826053e+00
3.238822055137844700e+02 1.124592193535376872e+00 1.146144430934289193e+00 1.163060524682147268e+00 1.175270535379219883e+00 1.163080252558359895e+00
3.240300751879699419e+02 1.114945562894098963e+00 1.152890104365060786e+00 1.161900352463473896e+00 1.173295422314183822e+00 1.163448866572670326e+00
3.241779448621554138e+02 1.120937164416478948e+00 1.156137995196212076e+00 1.160737190217324688e+00 1.166225007824599924e+00 1.163733450623172461e+00
3.243258145363408289e+02 1.114763332488302172e+00 1.159383065391459855e+00 1.157946768614640298e+00 1.154103399677027353e+00 1.157704124714868943e+00
3.244736842105263008e+02 1.120511210055307849e+00 1.153778417485822549e+00 1.150228337409244350e+00 1.146308725514346483e+00 1.155610533530977646e+00
3.246215538847117728e+02 1.126242030787216519e+00 1.142692588776890616e+00 1.144072721083588151e+00 1.144488373703507866e+00 1.154627888927502122e+00
3.247694235588972447e+02 1.114922790793453578e+00 1.123857909307119707e+00 1.142007086087565959e+00 1.142665101361667102e+00 1.150339481400466601e+00
3.249172932330827166e+02 1.102174190328974790e+00 1.107987083483904289e+00 1.144540719864614475e+00 1.140815397060919612e+00 1.146059365307080080e+00
3.250651629072681885e+02 1.101002880340840484e+00 1.100987568384567794e+00 1.147072409347155153e+00 1.138935151469920859e+00 1.143893252977391972e+00
3.252130325814536036e+02 1.092671614616443909e+00 1.103594233361909760e+00 1.146009798245619660e+00 1.128231167421051895e+00 1.144238140211417010e+00
3.253609022556390755e+02 1.084194337287913701e+00 1.106184650943813352e+00 1.140310406586699132e+00 1.122273155218036056e+00 1.144962331968220726e+00
3.255087719298245474e+02 1.084042351169400842e+00 1.107257384425313962e+00 1.124494700122697921e+00 1.122324673280900020e+00 1.145704661591169904e+00
3.256566416040100194e+02 1.085388580895918942e+00 1.095046925734756149e+00 1.111441078607005251e+00 1.122383071599595938e+00 1.146540549335945736e+00
3.258045112781954913e+02 1.100189672160413412e+00 1.094011494451757383e+00 1.110745988229140391e+00 1.126305865345309076e+00 1.142325156156721144e+00
3.259523809523809632e+02 1.115131276139666561e+00 1.096074952487007703e+00 1.113272121805233938e+00 1.130471743335098367e+00 1.137811757952152281e+00
3.261002506265664351e+02 1.113068421069811853e+00 1.097852819655078527e+00 1.115807156205532280e+00 1.131080741135664702e+00 1.136850952006119186e+00
3.262481203007519071e+02 1.097144781895276644e+00 1.099620566844423664e+00 1.118351101763784605e+00 1.123115875659578933e+00 1.137005211239666691e+00
3.263959899749373221e+02 1.093723723045312068e+00 1.097673525387273141e+00 1.113007395500427821e+00 1.115268547847093838e+00 1.135704775985316717e+00
3.265438596491227941e+02 1.091353228148814525e+00 1.081102071679512999e+00 1.098711027986386313e+00 1.115912212105915069e+00 1.134127368972346117e+00
3.266917293233082660e+02 1.088993712805311986e+00 1.082021123036930099e+00 1.095786502418765407e+00 1.119956319423401014e+00 1.131282130083850479e+00
3.268395989974937379e+02 1.091458261105458183e+00 1.094905725589327083e+00 1.094184185042678781e+00 1.134544712599825811e+00 1.124104420629024492e+00
3.269874686716792098e+02 1.098340581587296194e+00 1.106446164796027753e+00 1.092581892582252800e+00 1.135071478446731286e+00 1.117600233220373607e+00
3.271353383458646817e+02 1.097883231042606766e+00 1.106142841627862694e+00 1.090979624340808973e+00 1.126578127679511487e+00 1.116370994279464179e+00
3.272832080200500968e+02 1.093086178820434018e+00 1.105845740787167797e+00 1.094394087413213201e+00 1.118153043289046966e+00 1.115028946698997103e+00
3.274310776942355687e+02 1.091865263211023507e+00 1.099056036511185219e+00 1.095082478643034651e+00 1.111571699197317464e+00 1.113659216292604226e+00
3.275789473684210407e+02 1.096194301514717750e+00 1.085127195636218511e+00 1.092191423211671175e+00 1.110289330389734097e+00 1.112827995926817692e+00
3.277268170426065126e+02 1.088249227519360041e+00 1.076397959758229605e+00 1.091853264223834108e+00 1.105883953998219704e+00 1.109235947697944757e+00
3.278746867167919845e+02 1.071038473553064030e+00 1.068928791693507518e+00 1.096451182716734696e+00 1.098849134263565341e+00 1.103296904532799161e+00
3.280225563909774564e+02 1.064642238822325782e+00 1.071175916575811016e+00 1.101048491100481641e+00 1.096009792728138699e+00 1.098814890293214885e+00
3.281704260651629284e+02 1.073022342312053512e+00 1.073416323876556611e+00 1.105645175899599320e+00 1.091927813652562307e+00 1.096136096133319748e+00
3.283182957393484003e+02 1.068891661458986730e+00 1.075650040264174878e+00 1.104930917259998813e+00 1.085396533014519216e+00 1.090765908644838689e+00
3.284661654135338154e+02 1.074423897263656835e+00 1.077877092261735337e+00 1.091367230343960992e+00 1.085249992874072200e+00 1.085523985574063044e+00
3.286140350877192873e+02 1.083281486548871131e+00 1.057604289312193746e+00 1.079243685984819789e+00 1.089356754853550324e+00 1.084323762253938783e+00
3.287619047619047592e+02 1.072601511952096853e+00 1.051743095407565054e+00 1.077949831175721629e+00 1.093461230358593772e+00 1.079756470404152457e+00
3.289097744360902311e+02 1.058302015496830784e+00 1.055506172432496115e+00 1.082167844881787744e+00 1.087331604233784832e+00 1.074462381870720407e+00
3.290576441102757030e+02 1.055565376468535543e+00 1.058053457691292332e+00 1.086387595941486373e+00 1.085416991216248572e+00 1.072155322721753734e+00
3.292055137844611750e+02 1.047991885408144253e+00 1.059998845215302410e+00 1.090136630706208365e+00 1.069688419372791355e+00 1.073912179466609773e+00
3.293533834586465900e+02 1.040636985263198921e+00 1.060710686485400345e+00 1.087401048614470289e+00 1.064654035152930556e+00 1.077856224867721702e+00
3.295012531328320620e+02 1.044270004872477342e+00 1.047392021875182211e+00 1.072150156144657362e+00 1.063790480606423561e+00 1.079913700680233068e+00
3.296491228070175339e+02 1.047695389816856837e+00 1.034154139783408866e+00 1.059401905865803961e+00 1.063473150917054744e+00 1.078492290737065540e+00
3.297969924812030058e+02 1.050449550310878388e+00 1.038099190717694409e+00 1.057778165640709700e+00 1.066760455175520983e+00 1.071633613215164926e+00
3.299448621553884777e+02 1.053165545944078740e+00 1.048973076872653731e+00 1.056690648493364026e+00 1.070073479819999562e+00 1.064158495119136738e+00
3.300927318295739497e+02 1.048997678535248390e+00 1.053962762313195523e+00 1.055604313348191603e+00 1.068683839286938220e+00 1.062014811506602596e+00
3.302406015037594216e+02 1.040973496170494395e+00 1.058965144432278738e+00 1.054519158373822707e+00 1.063345546778991402e+00 1.072728822997044862e+00
3.303884711779448367e+02 1.040442279203270148e+00 1.055831903011365425e+00 1.066539605387971212e+00 1.059145458196013800e+00 1.079374246168583573e+00
3.305363408521303086e+02 1.039908396331124640e+00 1.041504912678129502e+00 1.055515704182998782e+00 1.060168227058234436e+00 1.077595918845777545e+00
3.306842105263157805e+02 1.041970852785658819e+00 1.034424612141657152e+00 1.043290424172255371e+00 1.061192209617919602e+00 1.073466038800074518e+00
3.308320802005012524e+02 1.046646730738683750e+00 1.045491220358594875e+00 1.041522400210675547e+00 1.061877137545222283e+00 1.066267808804108652e+00
3.309799498746867243e+02 1.048540546631516746e+00 1.053871526344130505e+00 1.039747962631777600e+00 1.063074297496087173e+00 1.060669155640371786e+00
3.311278195488721963e+02 1.033222764552345740e+00 1.056769079092868768e+00 1.037967086755869239e+00 1.065897299864030812e+00 1.057518211821037557e+00
3.312756892230576113e+02 1.030640111927118685e+00 1.059670344799293895e+00 1.048647600587112372e+00 1.050471180871073607e+00 1.046983894529520454e+00
3.314235588972430833e+02 1.028491804389222830e+00 1.054291563253967112e+00 1.056829331702785923e+00 1.053327747415086169e+00 1.045410475100755354e+00
3.315714285714285552e+02 1.026344124129864976e+00 1.043545199732466955e+00 1.052185451001721894e+00 1.056182543112515582e+00 1.046988472360060429e+00
3.317192982456140271e+02 1.032250746426230714e+00 1.039738789288173537e+00 1.046142309594227937e+00 1.050527735742134983e+00 1.048567896654921894e+00
3.318671679197994990e+02 1.040023800650502261e+00 1.041211901343093382e+00 1.043511520265305359e+00 1.042247122651274616e+00 1.042281591141544839e+00
3.320150375939849710e+02 1.043635076113380356e+00 1.041005313210505934e+00 1.040885187059840344e+00 1.040305579042615225e+00 1.040481320251105402e+00
3.321629072681704429e+02 1.039211820402399900e+00 1.039814890148651028e+00 1.038328127906550602e+00 1.033830255243581187e+00 1.036024462184373496e+00
3.323107769423559148e+02 1.034623535096938829e+00 1.038626121015237436e+00 1.040177521138302197e+00 1.026486922882060338e+00 1.023633447389331153e+00
3.324586466165413299e+02 1.035651337759826207e+00 1.031565720267740405e+00 1.037693265298084810e+00 1.026439140401918637e+00 1.023241096075763412e+00
3.326065162907268018e+02 1.035871970754676852e+00 1.017459329067960994e+00 1.032649847648656971e+00 1.025958763739191815e+00 1.022576635028459302e+00
3.327543859649122737e+02 1.028598933857392650e+00 1.012966094678648288e+00 1.032128620677535302e+00 1.023542225574014086e+00 1.013079281358574057e+00
3.329022556390977456e+02 1.021296145143243184e+00 1.008395878577839744e+00 1.031605934989663798e+00 1.022529918814623962e+00 1.009698863131458957e+00
3.330501253132832176e+02 1.021410313982071161e+00 1.011212256722716418e+00 1.031081783807686225e+00 1.022279205855982642e+00 1.009322402092639015e+00
3.331979949874686895e+02 1.016219832323492112e+00 1.015138633172891103e+00 1.026601933705681535e+00 1.016480449277559428e+00 1.012626900320277912e+00
3.333458646616541046e+02 1.010992594615222284e+00 1.015741686299475921e+00 1.013131612637464096e+00 1.012302654881119590e+00 1.017563967042970141e+00
3.334937343358395765e+02 1.011558891666279658e+00 1.005776705007593197e+00 1.004991406105042673e+00 1.010077618353774964e+00 1.019059599968751284e+00
3.336416040100250484e+02 1.013225768147670847e+00 9.967184900426586669e-01 9.979839160033076029e-01 1.010606773844553219e+00 1.012864673939453120e+00
3.337894736842105203e+02 1.010998775473891609e+00 9.997383679037789017e-01 9.990777912069692679e-01 1.017856037657806079e+00 1.006052229000574894e+00
3.339373433583959923e+02 1.008832484160323562e+00 1.003045009236899876e+00 1.000171395633573157e+00 1.023979684612264185e+00 1.000088224013924831e+00
3.340852130325814642e+02 1.002988620429934752e+00 1.007392922815066649e+00 1.001264730772951195e+00 1.019304049954362412e+00 9.976668751691655235e-01
3.342330827067669361e+02 9.951667779539596914e-01 1.011737531742712193e+00 1.009615556841319428e+00 1.012284573822486822e+00 1.008262815633209630e+00
3.343809523809524080e+02 9.912917425182337094e-01 1.008578059666844551e+00 1.014860874804826896e+00 1.009054247311685026e+00 1.011297360315011939e+00
3.345288220551378231e+02 9.904744866481635102e-01 9.992510958432753165e-01 1.008495611805769743e+00 1.010808472189681062e+00 1.010358866917376419e+00
3.346766917293232950e+02 9.996708594669428960e-01 9.896865728469221857e-01 1.000912259612989574e+00 1.010938048678405421e+00 1.006071238972233717e+00
3.348245614035087669e+02 1.014180252736050836e+00 9.881198371915623779e-01 1.001251201494377741e+00 1.010021359060783386e+00 9.993411534371011706e-01
3.349724310776942389e+02 1.020197492991949950e+00 9.895603710401689179e-01 1.001593913468068697e+00 1.011200079039468180e+00 9.965282975731406534e-01
3.351203007518797108e+02 1.010247067982852132e+00 9.938086812559069338e-01 1.001940404290154296e+00 1.004725007734404985e+00 9.964554534653872198e-01
3.352681704260651827e+02 1.000174681050707060e+00 9.980659953830496312e-01 1.008763556212606716e+00 9.969932758388719840e-01 9.936040761975467595e-01
3.354160401002505978e+02 9.967422132380695521e-01 9.859586627817298332e-01 1.005105488796764313e+00 9.957949283931686324e-01 9.917494350508136991e-01
3.355639097744360697e+02 9.950865497522811687e-01 9.808222247045167430e-01 9.921858825568650175e-01 9.975033651477380747e-01 9.955854989554328016e-01
3.357117794486215416e+02 9.929664127255785067e-01 9.908505826082392165e-01 9.862294119965366868e-01 9.883561846166858400e-01 9.963286925554114548e-01
3.358596491228070136e+02 9.890387009399537188e-01 1.001026387895354919e+00 9.826434100652816639e-01 9.831813144350241007e-01 9.895447764555962422e-01
3.360075187969924855e+02 9.896318939748651733e-01 1.003229869946665520e+00 9.790589037069210576e-01 9.804480223269804728e-01 9.920786560065694148e-01
3.361553884711779574e+02 9.847545100028103349e-01 1.003387482600060832e+00 9.826685749579673335e-01 9.724871793466084435e-01 9.835795455521036956e-01
3.363032581453634293e+02 9.849247522415982559e-01 1.001125771883443427e+00 1.010780404102451069e+00 9.647517497432819278e-01 9.726368860084261270e-01
3.364511278195488444e+02 9.868310401866469128e-01 9.874418499766883794e-01 1.002931773552263595e+00 9.635187037397044962e-01 9.740264025897805711e-01
3.365989974937343163e+02 9.868476351377648559e-01 9.758778111279868828e-01 9.910385830738200896e-01 9.641683003652509187e-01 9.744300969243510080e-01
3.367468671679197882e+02 9.814152454953687377e-01 9.782123934854648484e-01 9.887809786588515060e-01 9.728050372703128668e-01 9.704113460710073191e-01
3.368947368421052602e+02 9.773503729533850048e-01 9.801512908210803232e-01 9.865085391930364933e-01 9.808787724446573764e-01 9.671860804141254597e-01
3.370426065162907321e+02 9.784451291843258014e-01 9.793080520702512892e-01 9.842211886526900377e-01 9.811274656840736075e-01 9.691954104726500097e-01
3.371904761904762040e+02 9.773952470069338094e-01 9.784628407322788490e-01 9.814094060704546818e-01 9.736491557377116024e-01 9.706821153759129794e-01
3.373383458646616191e+02 9.788677788392681212e-01 9.731188998525563960e-01 9.719654029113260485e-01 9.650526950576632235e-01 9.721066393122949068e-01
3.374862155388470910e+02 9.851425954190298206e-01 9.628773659742690949e-01 9.579573945771144849e-01 9.658485412483692745e-01 9.732596515716036567e-01
3.376340852130325629e+02 9.844264951720278489e-01 9.604908776640753709e-01 9.550780216846297410e-01 9.664019769710132657e-01 9.743051606071641002e-01
3.377819548872180349e+02 9.794859697329799664e-01 9.681626071699949154e-01 9.595652864994933529e-01 9.666840320742695614e-01 9.692821785443224147e-01
3.379298245614035068e+02 9.779961815841164974e-01 9.694800399821411618e-01 9.640548179027823572e-01 9.682506119492000352e-01 9.643590395941586957e-01
3.380776942355889787e+02 9.695116059632948868e-01 9.707889508436683412e-01 9.685467028244290066e-01 9.652438613858622674e-01 9.647339653466129317e-01
3.382255639097744506e+02 9.659792985076867122e-01 9.720892732145970383e-01 9.586360349523259661e-01 9.600960076250784070e-01 9.631040559423265091e-01
3.383734335839599225e+02 9.677749778476973930e-01 9.586063943069752513e-01 9.429162419228008796e-01 9.603199233056930462e-01 9.614993207338456971e-01
3.385213032581453376e+02 9.695694471054461250e-01 9.484973280038375698e-01 9.376889636151152230e-01 9.639557315322090369e-01 9.638057427167994184e-01
3.386691729323308095e+02 9.655297919404800533e-01 9.505102686616196950e-01 9.402033016971663715e-01 9.532513852049564473e-01 9.625093185065110024e-01
3.388170426065162815e+02 9.610045218929414990e-01 9.532968550294610433e-01 9.427233417566381890e-01 9.463041743849014420e-01 9.601809467403654708e-01
3.389649122807017534e+02 9.593650259946623349e-01 9.570395871385338760e-01 9.452491055623376548e-01 9.478290600607580663e-01 9.615533051785590812e-01
3.391127819548872253e+02 9.527063250568039710e-01 9.611206617356290449e-01 9.478944543353111651e-01 9.429065165873841137e-01 9.563971119197651749e-01
3.392606516290726972e+02 9.460264745618158777e-01 9.643972395161722888e-01 9.517724429918670292e-01 9.380018275510816350e-01 9.512117025460704589e-01
3.394085213032581123e+02 9.475229803909545057e-01 9.558233358892256337e-01 9.504192691035833196e-01 9.398994240259419541e-01 9.482139131098659135e-01
3.395563909774435842e+02 9.488974011951323284e-01 9.471838077962739799e-01 9.443384934305738554e-01 9.426353657300151623e-01 9.457471462736080081e-01
3.397042606516290562e+02 9.492758209806797520e-01 9.652435499206001301e-01 9.503767487748542298e-01 9.448439489444363515e-01 9.413179072263444525e-01
3.398521303258145281e+02 9.501421073690797803e-01 9.744493032280748812e-01 9.567396699673069715e-01 9.470691255688989951e-01 9.369130728045347301e-01
3.400000000000000000e+02 9.643727038594518408e-01 9.782839115112187400e-01 9.630824387702987543e-01 9.425909220943311517e-01 9.362982950448273112e-01
