2.810000000000000000e+02 -5.439400403659678650e-04 6.434138778821159310e-02 9.713855711421321565e-03 -9.087270061918725078e-03 8.069999625866455459e-03
2.811478696741854719e+02 1.466276767796756246e-02 5.662146590606691177e-02 2.028542375930107288e-03 5.460842566214889685e-03 1.155884914294418378e-02
2.812957393483709438e+02 -6.369173116723644834e-02 2.778170639329445579e-02 1.809453919509290253e-03 2.836480937951337856e-03 1.162194670184204214e-02
2.814436090225564158e+02 -1.010300408576257775e-01 5.996038846675318156e-04 8.417807138643512656e-05 -3.236672678141314791e-02 1.421148523120836955e-02
2.815914786967418308e+02 -1.009201068461937773e-01 -6.242454625534567432e-03 -4.760760948018577868e-03 -2.221922636187039987e-02 1.590916056851706881e-02
2.817393483709273028e+02 -1.006808063971643685e-01 -9.588524427525351237e-03 -4.998901151299157269e-03 -1.206179909952075080e-02 1.350184029459676818e-02
2.818872180451127747e+02 -7.995511611339665980e-02 -1.290254643674732492e-02 -2.793782526781841968e-02 -1.432600595414370778e-02 -1.655377220474128080e-02
2.820350877192982466e+02 -1.453596573154189615e-02 -8.308361266765498798e-02 7.812268081733194681e-03 -4.609669200473402034e-03 4.073225352975071156e-02
2.821829573934837185e+02 7.611286061617981644e-03 -4.599422373122883517e-02 -5.381090634709072285e-02 2.890000737970168515e-02 1.307462661229464446e-02
2.823308270676691905e+02 1.277816659608687309e-02 -3.057763848350262756e-02 1.359682735683078771e-02 -4.128421669842494840e-02 -1.172254524101822883e-02
2.824786967418546624e+02 3.846323041663675564e-03 -6.607002377542181559e-02 1.154994010120853138e-04 -4.273790125933170543e-03 -7.231539871852438704e-03
2.826265664160400775e+02 1.473485421467764928e-02 -3.408257695409788735e-02 7.784718801140276014e-03 -2.832625720698950592e-02 -2.086396500954684416e-02
2.827744360902255494e+02 1.291172604371813165e-02 -2.571921283073672071e-02 -2.443038420319874199e-02 -5.969613333249391973e-03 8.112750683563168044e-03
2.829223057644110213e+02 1.903318213626207026e-02 -3.371812257976135319e-02 -5.432689406708651747e-02 3.050887965121445652e-02 -3.282576810564818981e-02
2.830701754385964932e+02 1.848136514626004187e-02 1.168912430430337976e-02 -6.953085664272759536e-03 2.698883336910126718e-02 9.945356284553971346e-03
2.832180451127819651e+02 -7.462517602646185667e-03 -5.037545572084744377e-02 -1.873912464876771253e-02 -7.095536769166650021e-03 -3.171007655948816090e-02
2.833659147869674371e+02 1.707662010133342845e-02 -3.079235509844050270e-02 -1.150406803448335985e-02 -4.334508930611833538e-02 -2.007640215345352780e-02
2.835137844611529090e+02 -7.319901009047801756e-03 -1.459785664084740442e-03 3.479863138885100349e-02 1.377641635595820875e-02 6.677319169981733252e-04
2.836616541353383241e+02 9.346383702975501195e-02 4.222995669478566555e-02 3.506601438745402671e-02 1.161332376203453101e-03 -5.486694026985719725e-04
2.838095238095237960e+02 6.759114261677899582e-02 9.350185839617186634e-02 3.543984053604972567e-02 5.944522000116051613e-02 -1.101909352680546100e-02
2.839573934837092679e+02 1.939488550990990101e-01 1.338414296280834859e-01 5.921212030072540988e-02 5.588718826171255177e-02 5.145831483118881722e-03
2.841052631578947398e+02 5.733715857784397185e-01 5.000418786556772854e-01 2.605084577716805239e-01 1.295481413555439332e-01 8.301859286949396510e-02
2.842531328320802118e+02 1.017578037465186380e+00 8.538358298171068173e-01 5.581705790575611781e-01 2.734417307512682638e-01 1.600156649285214561e-01
2.844010025062656837e+02 1.129060799363410306e+00 9.222924923474510317e-01 5.837481218020119655e-01 2.857555053262311739e-01 1.951111767490932847e-01
2.845488721804511556e+02 1.261483166000407552e+00 1.050704800147533646e+00 6.889138029081971482e-01 4.054507848546544668e-01 2.641466494882513394e-01
2.846967418546365707e+02 1.505385482267349362e+00 1.275488663261808764e+00 8.796167210433001316e-01 5.090108391903629403e-01 3.241120865219438429e-01
2.848446115288220426e+02 1.739976393161619450e+00 1.496773263504848961e+00 9.889205907880715962e-01 6.890464973666063919e-01 4.668531428372214021e-01
2.849924812030075145e+02 1.547588321208276607e+00 1.322134242075029276e+00 9.707207849953751744e-01 6.636155431866938015e-01 5.828577632663324293e-01
2.851403508771929864e+02 1.200821100939227337e+00 1.069375630065377392e+00 8.341995855669047666e-01 6.715303506296619318e-01 5.931241604424676295e-01
2.852882205513784584e+02 9.631770749279783272e-01 9.226497899222346755e-01 7.046024863014113127e-01 5.862395461625308224e-01 5.072747476344514617e-01
2.854360902255639303e+02 1.000230307559711429e+00 9.483411081093585659e-01 6.741242695776067384e-01 4.998351816895100774e-01 4.531557685766129939e-01
2.855839598997493454e+02 1.241761064882737520e+00 1.096044330051465954e+00 7.542051952087790445e-01 5.219225590678091553e-01 4.347768118375104351e-01
2.857318295739348173e+02 1.538413926620617822e+00 1.302414763172188961e+00 9.191001055504921524e-01 5.034494351162220882e-01 3.911161777796172689e-01
2.858796992481202892e+02 1.729649887088803517e+00 1.557668776138827926e+00 1.027878775093523878e+00 6.027565076640984953e-01 4.181318282900980399e-01
2.860275689223057611e+02 1.852569139104735862e+00 1.573745206662751750e+00 1.118827658741368802e+00 6.530787730585275730e-01 4.469019585343195211e-01
2.861754385964912331e+02 1.790206745752092266e+00 1.627165892987915363e+00 1.095254092763876086e+00 6.544058093252757002e-01 5.097284591169849444e-01
2.863233082706767050e+02 1.783548986322849084e+00 1.522831084106196498e+00 1.135335205535797032e+00 8.235171965972730712e-01 6.217519828856019615e-01
2.864711779448621769e+02 1.701773376086736622e+00 1.575613778194831616e+00 1.297545580723189707e+00 1.050121930804103654e+00 9.884957555978641786e-01
2.866190476190475920e+02 1.571585823548900862e+00 1.445016730787341830e+00 1.298867634323655817e+00 1.111420189818889126e+00 1.067928296899695928e+00
2.867669172932330639e+02 1.509916628662687721e+00 1.463689358311605293e+00 1.319995083110100609e+00 1.170609916354595992e+00 1.147253661210301257e+00
2.869147869674185358e+02 1.750299579026471930e+00 1.610438185169330128e+00 1.449075899190421346e+00 1.350434593351412804e+00 1.302682770306143434e+00
2.870626566416040077e+02 2.183073124273028132e+00 2.048454792710147299e+00 1.822379369220318734e+00 1.700829360160952319e+00 1.622037036425045597e+00
2.872105263157894797e+02 2.601622818467917764e+00 2.376239706847036004e+00 2.183658462742734674e+00 2.000808442645843677e+00 1.967411036118077661e+00
2.873583959899749516e+02 2.944090382517136284e+00 2.688399261176777522e+00 2.475721714661946571e+00 2.228181343733910413e+00 2.143829488543337547e+00
2.875062656641604235e+02 3.075832202637234669e+00 2.874906124287652798e+00 2.551379773286186037e+00 2.366225771424364410e+00 2.272888425858860639e+00
2.876541353383458386e+02 3.310262105793620346e+00 3.028244030437885037e+00 2.698407588897248299e+00 2.497462565020664549e+00 2.395344186494597682e+00
2.878020050125313105e+02 3.463784981753878611e+00 3.199546302546817156e+00 2.847095413636583583e+00 2.598849737431104590e+00 2.481238759119836601e+00
2.879498746867167824e+02 3.508916845863831124e+00 3.161654706860597130e+00 2.861233260707676251e+00 2.628842621042808414e+00 2.540744371006623314e+00
2.880977443609022544e+02 3.428427857987443872e+00 3.109292228836543437e+00 2.844212537483371328e+00 2.589143153517163842e+00 2.481685612197981339e+00
2.882456140350877263e+02 3.282763128656547735e+00 3.069983527436262349e+00 2.748448146233511746e+00 2.534044505506301448e+00 2.472136645111139952e+00
2.883934837092731982e+02 3.240133045680880119e+00 2.989420376640728794e+00 2.738763943757585029e+00 2.521607981805045640e+00 2.451659096651319647e+00
2.885413533834586701e+02 3.179163537143055773e+00 2.954033423995793939e+00 2.661863078104636848e+00 2.548210127583936391e+00 2.485647225681212102e+00
2.886892230576440852e+02 3.102872183552410679e+00 2.873813162928965603e+00 2.676967718962003140e+00 2.528509929601552741e+00 2.445599789127136159e+00
2.888370927318295571e+02 2.989767186520549291e+00 2.764431343324394330e+00 2.585270682246850971e+00 2.471094359295773923e+00 2.425842772234503286e+00
2.889849624060150290e+02 2.865278342201402317e+00 2.690259970763824615e+00 2.511861713999865575e+00 2.434940436231608274e+00 2.390926003958189217e+00
2.891328320802005010e+02 2.789391256790816787e+00 2.616197703927247264e+00 2.500856275536212259e+00 2.419444476894788032e+00 2.369167669700801504e+00
2.892807017543859729e+02 2.783305080694693068e+00 2.623338569250034613e+00 2.492158625012546480e+00 2.465198119869501436e+00 2.446911655903664329e+00
2.894285714285714448e+02 2.799001703923621687e+00 2.599315957128728538e+00 2.503203223996255833e+00 2.473537291641052516e+00 2.511408589397140734e+00
2.895764411027569167e+02 2.880391948081097553e+00 2.666079716359435192e+00 2.566768691943234870e+00 2.601177810773411814e+00 2.544109594914490291e+00
2.897243107769423318e+02 2.872719843087526037e+00 2.690093443553360331e+00 2.627150141445814935e+00 2.590483541758715980e+00 2.584833458689720143e+00
2.898721804511278037e+02 2.875628880769766749e+00 2.723200707988166158e+00 2.653442030394765005e+00 2.620110665444559839e+00 2.626553588114789228e+00
2.900200501253132757e+02 2.890187859820317229e+00 2.753135105480963851e+00 2.690085100254198558e+00 2.668088470600478157e+00 2.667428496982758634e+00
2.901679197994987476e+02 2.942380133216784710e+00 2.747410329561051245e+00 2.704937944104472969e+00 2.719111960004755080e+00 2.725075708553406972e+00
2.903157894736842195e+02 3.003693902074649369e+00 2.846753666234359770e+00 2.736698801505662804e+00 2.763938236870744358e+00 2.741636366235761901e+00
2.904636591478696914e+02 3.018877618182052913e+00 2.866213180072538780e+00 2.820156586727774695e+00 2.778688105749247406e+00 2.796308734578454747e+00
2.906115288220551633e+02 3.072229403402328973e+00 2.953029874125150833e+00 2.865640135055782967e+00 2.867972630099979270e+00 2.818164540910213400e+00
2.907593984962405784e+02 3.144805146688292918e+00 2.921354971592475813e+00 2.927623399379779556e+00 2.853557980144496575e+00 2.827321071038148670e+00
2.909072681704260503e+02 3.149896315502702215e+00 3.012635188932158314e+00 2.928549859394400379e+00 2.932896631538338905e+00 2.924830876575797323e+00
2.910551378446115223e+02 3.246595495039164891e+00 3.050890766355998540e+00 2.990854815819099510e+00 3.003827259536102634e+00 2.969686329001325564e+00
2.912030075187969942e+02 3.326176376905957355e+00 3.167676106921137436e+00 3.049377401689937983e+00 3.034663256182215552e+00 3.024665571456623070e+00
2.913508771929824661e+02 3.360744177426279400e+00 3.181792890670972707e+00 3.097526503911326223e+00 3.137908298638083959e+00 3.075607755609271798e+00
2.914987468671679380e+02 3.348683582718691376e+00 3.170843940072221923e+00 3.163167050423290050e+00 3.150550293180859995e+00 3.143132981330881925e+00
2.916466165413534100e+02 3.413018780349828418e+00 3.234673428812754548e+00 3.184588003661272371e+00 3.224509060127388693e+00 3.207252986652778581e+00
2.917944862155388250e+02 3.454026496497014875e+00 3.285016919662869572e+00 3.235689248575776666e+00 3.277267540194106044e+00 3.273054266938418166e+00
2.919423558897242970e+02 3.467085259752000770e+00 3.347758538558160524e+00 3.262750430543645663e+00 3.294317019226796983e+00 3.312079092011412929e+00
2.920902255639097689e+02 3.503797739889180640e+00 3.322426581596667372e+00 3.316862144547703561e+00 3.346019496216550149e+00 3.307236313909373226e+00
2.922380952380952408e+02 3.489663600610644068e+00 3.395185712313820936e+00 3.341304060931706399e+00 3.351910651207629765e+00 3.357397587239598025e+00
2.923859649122807127e+02 3.524717886686584478e+00 3.343456501830047500e+00 3.337432032899728007e+00 3.408096765872786538e+00 3.389138506570384735e+00
2.925338345864661846e+02 3.511479350993267801e+00 3.396323397423281598e+00 3.336849042953562439e+00 3.405222932976080585e+00 3.421581610184907696e+00
2.926817042606515997e+02 3.570608478734741631e+00 3.405560586062724049e+00 3.384791304280091673e+00 3.439892892757608678e+00 3.457790251158116668e+00
2.928295739348370716e+02 3.526722329537832934e+00 3.440459414374838598e+00 3.393345210274745671e+00 3.447125439242079370e+00 3.466725357629387272e+00
2.929774436090225436e+02 3.529440241236795117e+00 3.414324805822843256e+00 3.437076625502181404e+00 3.472757349332943555e+00 3.511718765588327074e+00
2.931253132832080155e+02 3.472261696549137078e+00 3.366950722572335408e+00 3.403440416888938724e+00 3.516308783437389618e+00 3.489091622674218574e+00
2.932731829573934874e+02 3.488317897206169693e+00 3.397324859235600680e+00 3.412538992517056169e+00 3.491276400233795929e+00 3.519516897050316118e+00
2.934210526315789593e+02 3.468438899722533719e+00 3.384095197761205487e+00 3.413039114406603680e+00 3.503448247909896729e+00 3.557066331978687046e+00
2.935689223057644313e+02 3.460255519564099380e+00 3.394455796305754447e+00 3.391203604494974044e+00 3.497688142177060477e+00 3.520148320477952453e+00
2.937167919799499032e+02 3.454503110820468681e+00 3.315812398054223120e+00 3.398525202405319412e+00 3.479744414940825425e+00 3.519660033718648773e+00
2.938646616541353183e+02 3.418719646581584115e+00 3.332886395500114673e+00 3.357306722214026262e+00 3.500691101593757626e+00 3.512630527542042191e+00
2.940125313283207902e+02 3.402818662629862878e+00 3.291517910260264301e+00 3.368480345998634107e+00 3.461485126893382613e+00 3.499214695365899352e+00
2.941604010025062621e+02 3.361971231587021158e+00 3.246348297366453028e+00 3.320922718589298217e+00 3.449595847267398874e+00 3.484666106022981769e+00
2.943082706766917340e+02 3.337798301197347772e+00 3.249644493932678291e+00 3.307139745418034238e+00 3.426769034572808792e+00 3.478939608456462551e+00
2.944561403508772059e+02 3.352030951438535578e+00 3.221334190725535951e+00 3.311123408417889102e+00 3.394120251410773559e+00 3.456021622947244687e+00
2.946040100250626779e+02 3.287338401784637654e+00 3.215148970259941397e+00 3.302600718983938588e+00 3.358387585414033705e+00 3.429391977398304814e+00
2.947518796992480929e+02 3.269396007562053619e+00 3.184459412942890921e+00 3.219985869124216915e+00 3.362347904293117473e+00 3.444135725894464262e+00
2.948997493734335649e+02 3.219987710951368154e+00 3.187290278428060564e+00 3.225621721452131663e+00 3.373076142826112900e+00 3.375503412654549784e+00
2.950476190476190368e+02 3.222553676224178432e+00 3.133882509900127733e+00 3.240414742815355353e+00 3.323128977434596898e+00 3.373268847408256388e+00
2.951954887218045087e+02 3.198199420573736074e+00 3.129030189183774180e+00 3.189678459275022693e+00 3.305702293755679477e+00 3.354212703770010240e+00
2.953433583959899806e+02 3.172687032237698546e+00 3.128676404576542947e+00 3.187849070120733153e+00 3.290114810719776628e+00 3.341596661779327793e+00
2.954912280701754526e+02 3.175896198453367347e+00 3.041673778760619395e+00 3.159366966938760068e+00 3.263971915275125202e+00 3.312536189128182595e+00
2.956390977443609245e+02 3.103393848279165201e+00 3.041700939366297263e+00 3.146497909207672361e+00 3.256100633384252596e+00 3.277528719623854947e+00
2.957869674185463396e+02 3.100373331547263689e+00 2.990526968422555498e+00 3.113513092743490418e+00 3.278057890429106003e+00 3.262928719062768934e+00
2.959348370927318115e+02 3.091903129524930627e+00 3.002324834073218263e+00 3.084534367456894355e+00 3.223951076135784799e+00 3.239768105957066435e+00
2.960827067669172834e+02 3.041720542605107269e+00 2.963314387242252934e+00 3.070037368685806900e+00 3.172593649481195488e+00 3.252326180378413589e+00
2.962305764411027553e+02 2.980485006854896479e+00 2.966844155267409633e+00 3.039981455677184918e+00 3.190947784184129610e+00 3.271144238295993212e+00
2.963784461152882272e+02 2.969375579327805603e+00 2.952152445590203733e+00 3.064384004247961091e+00 3.173337696517071205e+00 3.218301215263317694e+00
2.965263157894736992e+02 2.924176493063349813e+00 2.909429638465345302e+00 3.013965854897484586e+00 3.194383031372026505e+00 3.197201971366096185e+00
2.966741854636591711e+02 2.951705161071090266e+00 2.908463510769446092e+00 3.012211608892961578e+00 3.171646553416925585e+00 3.163225363225965037e+00
2.968220551378445862e+02 2.953983566848942033e+00 2.888144554942829512e+00 2.980505905795944432e+00 3.126978345850738084e+00 3.162730130990381472e+00
2.969699248120300581e+02 2.921871714923498509e+00 2.871777778780161050e+00 3.018479122672802717e+00 3.148487259801385552e+00 3.153265364952558159e+00
2.971177944862155300e+02 2.887969548799455666e+00 2.826307253195645242e+00 2.969012238371205648e+00 3.113130645283963993e+00 3.192365526830400313e+00
2.972656641604010019e+02 2.865838056056745131e+00 2.807752052377082919e+00 2.967724157941263652e+00 3.116117516253303243e+00 3.183963605508235428e+00
2.974135338345864739e+02 2.851702279720124356e+00 2.801668011195999508e+00 2.964110395309716761e+00 3.122101057739245622e+00 3.165094929941089319e+00
2.975614035087719458e+02 2.837392948394386494e+00 2.812623382860821586e+00 2.953902234895268819e+00 3.127791532942064023e+00 3.146231452919352023e+00
2.977092731829574177e+02 2.831278797029527450e+00 2.820858214818025900e+00 2.948057796274078601e+00 3.129664086483072261e+00 3.134030843545727141e+00
2.978571428571428328e+02 2.823494993053884627e+00 2.817083564089870595e+00 2.928300648837158349e+00 3.118769186167594576e+00 3.128772295570745321e+00
2.980050125313283047e+02 2.815361867417453201e+00 2.809062278840539495e+00 2.916741816067858650e+00 3.107199870712399559e+00 3.119464206944379203e+00
2.981528822055137766e+02 2.807205802334434619e+00 2.805262079873194203e+00 2.905181891874477618e+00 3.095620106672014149e+00 3.107665412582809594e+00
2.983007518796992485e+02 2.799063706631640169e+00 2.801467347075120795e+00 2.893620888571986960e+00 3.084029879757663739e+00 3.097156647553147568e+00
2.984486215538847205e+02 2.785614254853987948e+00 2.797678074467924603e+00 2.885054404293748931e+00 3.062800526105005527e+00 3.088558045264155449e+00
2.985964912280701924e+02 2.756801770126722673e+00 2.786789455362461254e+00 2.887462139696847174e+00 3.040965030291053584e+00 3.081301425295231766e+00
2.987443609022556643e+02 2.743616322502647975e+00 2.753619186226512916e+00 2.865427831701780725e+00 3.021278581152863740e+00 3.074056631041658161e+00
2.988922305764410794e+02 2.727063254579698892e+00 2.722957235759829064e+00 2.851861765527351711e+00 3.018375584000636547e+00 3.068479112794399999e+00
2.990401002506265513e+02 2.710600585496743875e+00 2.713874722412322971e+00 2.857595342954727613e+00 3.016052963150778865e+00 3.053019221682683249e+00
2.991879699248120232e+02 2.694227605720221685e+00 2.704828630544722667e+00 2.863328589442546424e+00 3.013723956338739018e+00 3.035183282260339510e+00
2.993358395989974952e+02 2.672641387126325263e+00 2.695818748285558897e+00 2.869061516049246752e+00 3.007361036114101882e+00 3.025020968593365112e+00
2.994837092731829671e+02 2.663544286515270976e+00 2.686844865371259328e+00 2.874794133782846206e+00 2.954760653576558482e+00 3.013033133722104573e+00
2.996315789473684390e+02 2.683593122114960483e+00 2.675487685372266444e+00 2.896918723086269853e+00 2.930862605490002437e+00 2.992470046971054121e+00
2.997794486215539109e+02 2.684204065463533961e+00 2.616093724101879125e+00 2.851238689488973854e+00 2.920059928108221126e+00 2.977067274586754575e+00
2.999273182957393260e+02 2.676466651297084720e+00 2.564505557731534768e+00 2.805948016206033735e+00 2.911261661373091503e+00 2.971976721089284013e+00
3.000751879699247979e+02 2.668734631297512205e+00 2.549480702020140210e+00 2.786933502752783287e+00 2.902472547559673544e+00 2.950292067772116944e+00
3.002230576441102698e+02 2.661007985983652180e+00 2.536936258681525391e+00 2.769501689691122426e+00 2.893692574093128744e+00 2.940842597551724058e+00
3.003709273182957418e+02 2.624524328746791646e+00 2.524493325692245271e+00 2.752108990791178211e+00 2.878823738212155980e+00 2.934123098096298676e+00
3.005187969924812137e+02 2.564112733544741118e+00 2.512150637025444944e+00 2.735671953928413114e+00 2.854078832558419876e+00 2.914752755934095330e+00
3.006666666666666856e+02 2.548547152745083810e+00 2.518054303664578608e+00 2.719477421027444386e+00 2.832112538433952498e+00 2.889491514592832377e+00
3.008145363408521007e+02 2.554678086516020574e+00 2.526391737624931633e+00 2.674765586619190838e+00 2.821738175001682780e+00 2.872087431686168202e+00
3.009624060150375726e+02 2.560768506445139536e+00 2.519650221128750811e+00 2.668990275720626748e+00 2.813317208736699992e+00 2.855497495801392116e+00
3.011102756892230445e+02 2.566818550347944150e+00 2.508248439555661680e+00 2.663212870380751163e+00 2.804938593051393703e+00 2.829602402291763408e+00
3.012581453634085165e+02 2.572828355494407138e+00 2.496870078293520478e+00 2.657433390384146055e+00 2.796601998481964113e+00 2.807646812729676089e+00
3.014060150375939884e+02 2.534122614103014204e+00 2.485515075066119461e+00 2.651651855429480786e+00 2.788307098982460541e+00 2.795879341378173510e+00
3.015538847117794603e+02 2.464432631597526679e+00 2.477337963823139866e+00 2.638946028938523369e+00 2.739951928143734783e+00 2.782606561598586659e+00
3.017017543859649322e+02 2.422133942575112719e+00 2.463364583803595131e+00 2.576210647317190627e+00 2.715115880674463966e+00 2.763326088888308441e+00
3.018496240601504041e+02 2.415453276554039963e+00 2.441415037393908527e+00 2.536933233125063136e+00 2.700921498365745244e+00 2.746087725844824412e+00
3.019974937343358192e+02 2.408805252373847683e+00 2.424370735708211377e+00 2.532573101854282527e+00 2.703790483880870621e+00 2.729389350700065275e+00
3.021453634085212911e+02 2.402189643899550919e+00 2.423411387575711284e+00 2.528215342205877736e+00 2.706633459950128273e+00 2.698280171471110211e+00
3.022932330827067631e+02 2.395606227096255036e+00 2.422465033334975537e+00 2.523859953857464866e+00 2.709450434094053062e+00 2.678849974796877031e+00
3.024411027568922350e+02 2.365909021065724538e+00 2.421531547782282967e+00 2.522983239260458532e+00 2.688055723932817997e+00 2.666104797543848548e+00
3.025889724310777069e+02 2.343503063958157551e+00 2.405826363866538475e+00 2.524883308350780897e+00 2.646743141629544382e+00 2.665847322973493139e+00
3.027368421052631788e+02 2.333716997625252532e+00 2.358808376285915998e+00 2.489069361786489853e+00 2.621169532209267405e+00 2.663237398666774336e+00
3.028847117794485939e+02 2.323757011319639076e+00 2.306411413663520538e+00 2.447388971643432054e+00 2.606789534441804612e+00 2.643254920244285877e+00
3.030325814536340658e+02 2.313799892737391506e+00 2.308976520394139698e+00 2.433861646600930850e+00 2.595753876918432734e+00 2.614476211241128389e+00
3.031804511278195378e+02 2.303845649289293807e+00 2.311493345200828831e+00 2.424964684739288945e+00 2.584748895482456454e+00 2.585716828669683220e+00
3.033283208020050097e+02 2.283551824015968457e+00 2.313961874334177438e+00 2.416103647500327689e+00 2.567000527956365463e+00 2.563746710755105962e+00
3.034761904761904816e+02 2.264707242942863630e+00 2.316382093947380927e+00 2.407278290933167586e+00 2.524601618941005210e+00 2.553217963636909449e+00
3.036240601503759535e+02 2.253059133867869601e+00 2.283074550706660322e+00 2.416024352059708225e+00 2.496721378251973267e+00 2.550962532446996445e+00
3.037719298245614254e+02 2.253197232598149302e+00 2.224059182428162806e+00 2.388506558332346597e+00 2.493602916294499039e+00 2.542823213536118843e+00
3.039197994987468405e+02 2.244039448956523852e+00 2.184826838950119310e+00 2.353149347272855962e+00 2.479828435385381891e+00 2.523760978133650301e+00
3.040676691729323124e+02 2.234935858825414901e+00 2.180343986024329883e+00 2.340682876291314329e+00 2.466085964303548206e+00 2.499006370870167526e+00
3.042155388471177844e+02 2.225886032442313756e+00 2.175912725601694131e+00 2.328247565453150258e+00 2.452375322732993190e+00 2.475028026282259486e+00
3.043634085213032563e+02 2.209416788183963920e+00 2.171533119552329971e+00 2.315843253084650666e+00 2.424654315813447258e+00 2.453422783805519813e+00
3.045112781954887282e+02 2.154970079641637781e+00 2.167234211131205512e+00 2.294477473645809340e+00 2.392179853944174983e+00 2.441800023475396042e+00
3.046591478696742001e+02 2.137861959039775606e+00 2.159514542395621906e+00 2.272986146558671816e+00 2.384198153738918080e+00 2.431996188260857839e+00
3.048070175438596721e+02 2.134823093009638129e+00 2.147544002970996679e+00 2.237294564136262487e+00 2.385562718685614314e+00 2.418147702676135324e+00
3.049548872180450871e+02 2.131828297522520010e+00 2.131874408453461101e+00 2.233985576346948942e+00 2.375091257090950148e+00 2.397255564663384408e+00
3.051027568922305591e+02 2.128877770826490323e+00 2.116218950463836457e+00 2.230645508688761769e+00 2.364620587547650921e+00 2.373294136364864748e+00
3.052506265664160310e+02 2.125971716484139407e+00 2.100576696247013597e+00 2.227274040959720036e+00 2.354150680596061473e+00 2.353319963120556135e+00
3.053984962406015029e+02 2.095185672337411376e+00 2.084947330207016059e+00 2.213025531782189859e+00 2.314798121200404513e+00 2.332654045577529534e+00
3.055463659147869748e+02 2.019834047744791139e+00 2.069330537302640494e+00 2.177803467365216683e+00 2.271923961505930567e+00 2.294124955939607524e+00
3.056942355889724467e+02 1.996197172148159504e+00 2.023083894242869274e+00 2.118039952918577828e+00 2.238577620893548392e+00 2.278951954136083646e+00
3.058421052631579187e+02 1.998451282212913016e+00 2.010986502845468760e+00 2.081865404848119550e+00 2.221257241619456479e+00 2.268300520833905320e+00
3.059899749373433337e+02 2.000710990512313714e+00 2.017735685314260508e+00 2.067549750597857727e+00 2.212407153703365381e+00 2.237245060020971898e+00
3.061378446115288057e+02 2.002976369901829479e+00 2.024544903470529622e+00 2.059981759973442017e+00 2.203589872496025226e+00 2.215202980012779932e+00
3.062857142857142776e+02 1.989270219502025983e+00 2.031415156896304364e+00 2.052448988549217201e+00 2.192474501366912243e+00 2.199116928027278206e+00
3.064335839598997495e+02 1.931364715368864227e+00 2.038347467841360228e+00 2.044951474376100364e+00 2.166831622977378302e+00 2.172983321763806597e+00
3.065814536340852214e+02 1.919645462688047921e+00 2.005752916606200031e+00 2.050344275217573120e+00 2.135711437370205967e+00 2.136345707668651173e+00
3.067293233082706934e+02 1.912369997504852481e+00 1.916650913711076987e+00 2.034986403015957901e+00 2.105634179735007105e+00 2.107395761641151832e+00
3.068771929824561653e+02 1.905106096079929534e+00 1.852317592006989422e+00 2.009305927542061276e+00 2.084387491705200102e+00 2.090674450332357548e+00
3.070250626566415804e+02 1.897853762171181735e+00 1.853186258357723215e+00 1.987064792816928493e+00 2.064623618909332770e+00 2.064289517977042632e+00
3.071729323308270523e+02 1.890613000226579077e+00 1.854046987460286289e+00 1.964901919627591642e+00 2.044898101634959886e+00 2.038737989726649324e+00
3.073208020050125242e+02 1.875379595597904014e+00 1.854899878184210538e+00 1.942816361368376210e+00 2.018100130547290760e+00 2.020077724745431347e+00
3.074686716791979961e+02 1.865712229554169710e+00 1.855745027670934855e+00 1.935694192868242292e+00 1.988272641315110167e+00 2.012347597574999369e+00
3.076165413533834680e+02 1.862582543767860255e+00 1.852483949909236038e+00 1.921888334065935844e+00 1.978818376503595156e+00 2.008299716328674656e+00
3.077644110275689400e+02 1.852944136944954190e+00 1.800210604143704485e+00 1.893736225580513022e+00 1.983221743966131490e+00 1.991338694935245179e+00
3.079122807017544119e+02 1.843313236089172191e+00 1.764989235880631391e+00 1.870901258944918766e+00 1.969416633339563294e+00 1.966198632309673622e+00
3.080601503759398270e+02 1.833689419591457703e+00 1.762105570383490249e+00 1.862599347351761914e+00 1.955687799662970683e+00 1.939636796532735019e+00
3.082080200501252989e+02 1.824072260902575460e+00 1.759214664261125938e+00 1.854381404834324787e+00 1.942035373275572852e+00 1.915388075555267466e+00
3.083558897243107708e+02 1.809164796689528121e+00 1.756316326563896801e+00 1.844990577678876642e+00 1.903191966359008447e+00 1.895447146510303771e+00
3.085037593984962427e+02 1.763026736771976966e+00 1.757915087501488172e+00 1.830984271556274301e+00 1.882061642402867108e+00 1.894342602846535328e+00
3.086516290726817147e+02 1.758511509912250359e+00 1.770877451018907367e+00 1.816870806996787380e+00 1.890533757626527755e+00 1.893394755354048664e+00
3.087994987468671866e+02 1.752178320906030873e+00 1.739457029409023026e+00 1.782822930302862208e+00 1.890668860515218430e+00 1.880804511411705571e+00
3.089473684210526017e+02 1.745810638034902551e+00 1.729856899280618698e+00 1.770238413825776291e+00 1.872513125720153493e+00 1.855890220886543096e+00
3.090952380952380736e+02 1.739407849072479362e+00 1.720196371463067475e+00 1.767721583813192332e+00 1.854448795881807888e+00 1.828356640672893052e+00
3.092431077694235455e+02 1.727936502771761917e+00 1.710474512513428635e+00 1.765263728556801581e+00 1.836476718054903534e+00 1.812691948143778653e+00
3.093909774436090174e+02 1.692613742738623417e+00 1.700690368161974275e+00 1.762865407752255642e+00 1.818595302623893462e+00 1.802993859972304991e+00
3.095388471177944893e+02 1.653861998581236836e+00 1.686749805970793048e+00 1.726236469792957973e+00 1.794842405026083609e+00 1.785297279351652611e+00
3.096867167919799613e+02 1.649680415014916024e+00 1.668722090832205129e+00 1.698007562746444821e+00 1.776503332046208028e+00 1.767028972566709211e+00
3.098345864661654332e+02 1.647688804351514102e+00 1.620486960707582025e+00 1.669743519132027121e+00 1.768368849562653944e+00 1.759698422801018847e+00
3.099824561403509051e+02 1.645748869247633417e+00 1.615057804723255996e+00 1.663417607330845760e+00 1.764051112832393242e+00 1.735709831995213559e+00
3.101303258145363202e+02 1.643860887671776627e+00 1.611621669678482638e+00 1.658092182347500776e+00 1.759736872936630059e+00 1.727613253491318446e+00
3.102781954887217921e+02 1.641843642337740272e+00 1.608254315401026702e+00 1.652805901641732467e+00 1.749895385966380390e+00 1.723508479886744826e+00
3.104260651629072640e+02 1.622949536141162552e+00 1.604956632268940808e+00 1.652233176620489408e+00 1.723986202165374015e+00 1.700118000247856642e+00
3.105739348370927360e+02 1.601833497268258855e+00 1.630960038834202486e+00 1.653402842458737254e+00 1.678039868644797705e+00 1.665373245757744813e+00
3.107218045112782079e+02 1.598928712406783026e+00 1.645426361200646115e+00 1.601678191861935607e+00 1.648245925177161952e+00 1.646087699705780727e+00
3.108696741854636798e+02 1.596084955281322992e+00 1.639143916557545655e+00 1.600067988225581939e+00 1.643308410025605237e+00 1.638952143744573986e+00
3.110175438596490949e+02 1.593302889598763095e+00 1.623824255717979614e+00 1.598401847115554109e+00 1.638382895633713421e+00 1.631562979327433993e+00
3.111654135338345668e+02 1.590583197539602756e+00 1.608479465737295167e+00 1.596679151355937076e+00 1.633469315754762397e+00 1.625861044191856619e+00
3.113132832080200387e+02 1.571920498573606606e+00 1.593108998356285388e+00 1.594899274109833565e+00 1.623064203081155066e+00 1.624207200641694770e+00
3.114611528822055107e+02 1.551059656211607685e+00 1.577712302532787048e+00 1.596322721963771896e+00 1.613671714624919984e+00 1.638483961310524206e+00
3.116090225563909826e+02 1.544918836173884147e+00 1.547670181084505936e+00 1.593841883890543487e+00 1.611261323164665527e+00 1.633890258512583182e+00
3.117568922305764545e+02 1.548519564042130536e+00 1.533002449692194569e+00 1.576737921314768753e+00 1.601708669567558863e+00 1.618468259404024057e+00
3.119047619047619264e+02 1.552082610726967182e+00 1.537552611271848502e+00 1.569942736600772326e+00 1.592203522519073156e+00 1.600040869782693553e+00
3.120526315789473415e+02 1.555608047661420912e+00 1.542114877418069518e+00 1.572231664228169512e+00 1.582745798077850541e+00 1.582995146890156413e+00
3.122005012531328134e+02 1.559095943466036527e+00 1.546689354054229470e+00 1.574532145547777207e+00 1.573335416208503812e+00 1.571067528398384594e+00
3.123483709273182853e+02 1.552968061505509034e+00 1.551276148489642459e+00 1.563772689504522528e+00 1.553989346094784674e+00 1.569363897799006091e+00
3.124962406015037573e+02 1.563537218454375655e+00 1.544620395638404586e+00 1.537280058189190779e+00 1.554808008201532532e+00 1.591662832800621263e+00
3.126441102756892292e+02 1.550337090574550158e+00 1.493159579822812555e+00 1.511764646191026573e+00 1.570800230113168716e+00 1.608766212118823979e+00
3.127919799498747011e+02 1.537154734090407260e+00 1.461861389821486057e+00 1.508651415500113835e+00 1.577470867449345615e+00 1.591551298892613486e+00
3.129398496240601730e+02 1.523990104650955191e+00 1.466255782780818473e+00 1.518515709278321468e+00 1.577143287604971356e+00 1.568661124817329444e+00
3.130877192982455881e+02 1.510843157911744283e+00 1.477336231925925780e+00 1.530060612703389555e+00 1.576774822683071564e+00 1.545844405449243952e+00
3.132355889724310600e+02 1.493705913007805197e+00 1.488520684506017933e+00 1.541585969438875603e+00 1.576365420392411787e+00 1.531796203999870265e+00
3.133834586466165320e+02 1.471993273520301404e+00 1.499810455768930906e+00 1.524947840731106119e+00 1.564538456185122550e+00 1.535764770620172470e+00
3.135313283208020039e+02 1.455283838426369325e+00 1.497519897062237204e+00 1.489586408384157235e+00 1.532638311296373734e+00 1.550977131910385109e+00
3.136791979949874758e+02 1.456520187941116706e+00 1.467194693500370795e+00 1.458353812880540890e+00 1.510407419830988918e+00 1.553585759633302477e+00
3.138270676691729477e+02 1.458019633162548789e+00 1.438664285465091952e+00 1.463896200868546105e+00 1.516090980903937346e+00 1.539201682923115877e+00
3.139749373433584196e+02 1.459519032655616666e+00 1.444813870080470464e+00 1.471742772093920015e+00 1.523220336577483458e+00 1.518322973710151347e+00
3.141228070175438347e+02 1.461018402006765138e+00 1.450923944178729830e+00 1.479543087445200023e+00 1.530348155759519990e+00 1.495142157490607193e+00
3.142706766917293066e+02 1.446270075130159150e+00 1.456994644584889143e+00 1.487296863542342695e+00 1.526280255508304595e+00 1.482416621081149577e+00
3.144185463659147786e+02 1.431025314571463758e+00 1.463026107484857841e+00 1.481299719734170406e+00 1.492178166495731872e+00 1.470844214017897000e+00
3.145664160401002505e+02 1.430651965438119788e+00 1.449840909186694171e+00 1.462860070148390035e+00 1.437840131905453234e+00 1.459461190892377136e+00
3.147142857142857224e+02 1.433701330704148846e+00 1.436701511210339843e+00 1.438345798531790454e+00 1.444275696880239046e+00 1.453900143229411190e+00
3.148621553884711943e+02 1.436753978263773712e+00 1.434190852691578977e+00 1.424760078697789645e+00 1.450718196723231435e+00 1.447819762119495923e+00
3.150100250626566094e+02 1.439809924693441934e+00 1.431646300961055607e+00 1.423735872717965645e+00 1.457167756514294421e+00 1.441743695173315798e+00
3.151578947368420813e+02 1.442786866451182037e+00 1.429094005354013763e+00 1.422733377757290363e+00 1.463624501957126567e+00 1.440020541276872734e+00
3.153057644110275533e+02 1.418309107872131714e+00 1.426533937135677998e+00 1.421752449320602185e+00 1.457324719508640953e+00 1.440355473158837940e+00
3.154536340852130252e+02 1.418088235945548670e+00 1.423966067432356430e+00 1.414807201720534868e+00 1.430452284382041750e+00 1.427240070268597893e+00
3.156015037593984971e+02 1.421172076635946135e+00 1.407282705107157694e+00 1.417629804437612773e+00 1.408153619661589140e+00 1.414654906647271559e+00
3.157493734335839690e+02 1.416225992385900412e+00 1.380201838465682229e+00 1.403979380630013596e+00 1.402244974125012256e+00 1.410157818375540328e+00
3.158972431077694409e+02 1.411276888913685079e+00 1.378009353930222725e+00 1.407533550067194827e+00 1.406851788257823310e+00 1.398469200220620490e+00
3.160451127819549129e+02 1.406324765956144640e+00 1.384670737974045274e+00 1.416484334750481189e+00 1.411430630182580748e+00 1.386870857489733044e+00
3.161929824561403279e+02 1.397384013313332396e+00 1.391353431836449328e+00 1.425456335679924580e+00 1.413473713046601521e+00 1.384778481513880832e+00
3.163408521303257999e+02 1.394768178231951650e+00 1.398057519106568058e+00 1.418878208114094264e+00 1.401451567752342253e+00 1.385878190586973480e+00
3.164887218045112718e+02 1.383998730520507037e+00 1.388264265702679134e+00 1.392466852028605429e+00 1.389628706836830263e+00 1.386989038737144853e+00
3.166365914786967437e+02 1.383898646481609429e+00 1.364179362799452289e+00 1.359305446651847049e+00 1.396753798465299123e+00 1.385583216105788162e+00
3.167844611528822156e+02 1.383806607289933543e+00 1.346889731937752188e+00 1.365989277184599837e+00 1.399185187127071739e+00 1.377040386561912744e+00
3.169323308270676876e+02 1.383722579691117449e+00 1.341414842949582464e+00 1.376891509396736213e+00 1.400837773544920895e+00 1.361677907938959819e+00
3.170802005012531026e+02 1.383646530848816170e+00 1.335911496086315209e+00 1.387730723416397138e+00 1.402485389299080731e+00 1.347548194118773690e+00
3.172280701754385746e+02 1.368060364510932825e+00 1.330380150454456789e+00 1.398507142947715609e+00 1.394000126296699449e+00 1.343260183063224034e+00
3.173759398496240465e+02 1.343313666428307185e+00 1.324755422664815496e+00 1.407492334427263625e+00 1.375923414778205789e+00 1.350172236277947801e+00
3.175238095238095184e+02 1.328292809711620892e+00 1.309676369274515695e+00 1.355576218146810286e+00 1.371757505779885644e+00 1.360945580506001562e+00
3.176716791979949903e+02 1.329973692927616247e+00 1.281985746746084676e+00 1.328707677490062355e+00 1.379410622150788246e+00 1.364744649914764407e+00
3.178195488721804622e+02 1.331631538835933659e+00 1.279020623039732518e+00 1.320951988955976875e+00 1.374295903532383845e+00 1.358212754388194998e+00
3.179674185463659342e+02 1.333266559889409564e+00 1.290999288227542285e+00 1.324867167232252285e+00 1.369195627634189893e+00 1.349135919230027847e+00
3.181152882205514061e+02 1.334878966406062739e+00 1.302961803662398221e+00 1.328776927443422684e+00 1.361819937345030151e+00 1.348349032669226677e+00
3.182631578947368212e+02 1.325690530127929589e+00 1.314908163630497784e+00 1.332778321656616027e+00 1.347083561888037018e+00 1.347106106687038229e+00
3.184110275689222931e+02 1.316179147723310017e+00 1.325176094189715270e+00 1.337220647216031955e+00 1.337718666207843299e+00 1.339148985032140748e+00
3.185588972431077650e+02 1.304610237160202857e+00 1.308425404192261832e+00 1.341364456857927268e+00 1.338963698767539956e+00 1.331199751187367220e+00
3.187067669172932369e+02 1.293056512449152873e+00 1.286777882174159782e+00 1.314273895323619268e+00 1.341557878694050965e+00 1.333885424928776819e+00
3.188546365914787089e+02 1.281517933836315404e+00 1.279401541898454564e+00 1.302504141839365914e+00 1.339892162081898652e+00 1.331591289590520200e+00
3.190025062656641808e+02 1.269994461687091958e+00 1.281588009978397169e+00 1.298878390592457466e+00 1.338231373569557237e+00 1.327956263558616179e+00
3.191503759398495959e+02 1.256600282845354632e+00 1.283767235841033250e+00 1.295261049767659989e+00 1.336575491418473094e+00 1.329743795869125389e+00
3.192982456140350678e+02 1.268435755414217603e+00 1.285939255433347750e+00 1.301538662177474270e+00 1.328897583928254633e+00 1.334216875914931322e+00
3.194461152882205397e+02 1.285101262114688891e+00 1.284094922551826556e+00 1.314564974185066903e+00 1.301906380535915675e+00 1.309950552990739370e+00
3.195939849624060116e+02 1.293613851344913135e+00 1.283557634902436462e+00 1.307161446898916113e+00 1.300076080270719414e+00 1.278649039635700424e+00
3.197418546365914835e+02 1.294457890661008914e+00 1.259179616080088326e+00 1.286443188268144189e+00 1.303417983272574299e+00 1.283783418598932968e+00
3.198897243107769555e+02 1.295298680315107420e+00 1.263144674420197511e+00 1.275550879175913366e+00 1.307677933300934070e+00 1.285080103754410619e+00
3.200375939849624274e+02 1.296136239264775947e+00 1.269722677650712672e+00 1.276888860845839302e+00 1.311933457412090220e+00 1.279182102523847009e+00
3.201854636591478993e+02 1.284742043337881112e+00 1.276296738297392652e+00 1.278222396714512765e+00 1.308497327433475688e+00 1.286112572843829183e+00
3.203333333333333144e+02 1.260928100438912569e+00 1.282866852570044625e+00 1.303336997909174233e+00 1.291841894376994260e+00 1.276577102436512900e+00
3.204812030075187863e+02 1.244150904856464956e+00 1.276058563566802917e+00 1.319514510053035661e+00 1.274824153519305003e+00 1.260985616183481817e+00
3.206290726817042582e+02 1.250660071630963044e+00 1.247526063120918627e+00 1.289163504977687946e+00 1.264388128857590665e+00 1.254285785067396297e+00
3.207769423558897302e+02 1.257157606326151811e+00 1.247994732899814219e+00 1.286223024934830761e+00 1.262740266701773306e+00 1.251023796365090535e+00
3.209248120300752021e+02 1.263643548170870989e+00 1.247869020616992675e+00 1.283294800100873490e+00 1.261096232484691493e+00 1.243751415556507922e+00
3.210726817042606740e+02 1.270117936149967042e+00 1.247768057220298044e+00 1.280378769960345497e+00 1.259456012813327863e+00 1.238925492907443804e+00
3.212205513784460891e+02 1.239010098496093004e+00 1.247691566382378658e+00 1.277474874421708373e+00 1.257819594357463711e+00 1.242282459869071820e+00
3.213684210526315610e+02 1.201273789577617768e+00 1.243503909924304152e+00 1.277008540988120666e+00 1.240371675622371272e+00 1.256448589440736230e+00
3.215162907268170329e+02 1.188537071841927251e+00 1.209536461852115163e+00 1.272482530459629446e+00 1.237784712895311445e+00 1.258927584858147819e+00
3.216641604010025048e+02 1.189338091471606518e+00 1.190403430636411519e+00 1.256666263480000545e+00 1.237410852528274541e+00 1.255078214574686379e+00
3.218120300751879768e+02 1.190139333350332729e+00 1.189313779289688844e+00 1.247111827243557958e+00 1.237034367160140480e+00 1.241231866667032557e+00
3.219598997493734487e+02 1.190940790770149471e+00 1.203010766643354046e+00 1.243895252569649168e+00 1.236655272464989075e+00 1.223968702899093763e+00
3.221077694235589206e+02 1.190494277383983945e+00 1.216698950798432932e+00 1.240686446873188187e+00 1.236273584029038197e+00 1.213946220356683980e+00
3.222556390977443357e+02 1.199557822374285321e+00 1.230378299695089162e+00 1.226801417111605286e+00 1.220653127561046158e+00 1.212214486712789085e+00
3.224035087719298076e+02 1.203545138963227235e+00 1.242309731158077524e+00 1.212089538524581345e+00 1.214443449705098432e+00 1.221622658696126296e+00
3.225513784461152795e+02 1.201851668581181531e+00 1.226161029186604967e+00 1.194404092835823272e+00 1.226438802786408155e+00 1.229762329718539604e+00
3.226992481203007515e+02 1.201469190742762594e+00 1.207069766465279637e+00 1.183780222139939386e+00 1.234375011705409975e+00 1.230597712473012750e+00
3.228471177944862234e+02 1.201074869485848629e+00 1.203876138932473472e+00 1.189397644516839714e+00 1.236760335720337611e+00 1.224776541935244323e+00
3.229949874686716953e+02 1.200668816929179705e+00 1.205023074334346411e+00 1.195012129093321329e+00 1.239149347961622682e+00 1.218972139726014259e+00
3.231428571428571104e+02 1.201124631634548523e+00 1.206191228282596395e+00 1.200623696665971574e+00 1.235117714786456489e+00 1.220793509413456324e+00
3.232907268170425823e+02 1.193668128199191880e+00 1.207380346995277964e+00 1.201301682313342445e+00 1.214556717238513661e+00 1.217488218652668985e+00
3.234385964912280542e+02 1.180066548340429566e+00 1.200988013437902069e+00 1.194766457364348833e+00 1.198981402575814537e+00 1.209906687673625525e+00
3.235864661654135261e+02 1.179060911221881058e+00 1.202198216294926070e+00 1.178699726574670592e+00 1.208242496265652610e+00 1.207395236714410736e+00
3.237343358395989981e+02 1.176904790259507783e+00 1.209884478177441824e+00 1.168886060964383189e+00 1.212643056605314573e+00 1.206609846975931655e+00
3.238822055137844700e+02 1.174758358530546554e+00 1.209202811375365005e+00 1.174724336049394857e+00 1.216866469159535002e+00 1.196690789113969977e+00
3.240300751879699419e+02 1.172621548034666006e+00 1.208537089239203111e+00 1.180540773857653214e+00 1.221083068237318381e+00 1.198949634536026210e+00
3.241779448621554138e+02 1.170494291422609745e+00 1.207887234996908310e+00 1.186335493811759845e+00 1.216788579931191938e+00 1.201290795065508510e+00
3.243258145363408289e+02 1.107904525358997194e+00 1.207733100766877010e+00 1.191685235854215152e+00 1.201216998471927422e+00 1.191383724518621401e+00
3.244736842105263008e+02 1.115532375949942478e+00 1.196562943828018755e+00 1.185090122633791987e+00 1.189206019992297358e+00 1.179430214860554438e+00
3.246215538847117728e+02 1.123157464129233007e+00 1.172300440466922611e+00 1.173473220560178776e+00 1.188820589612692880e+00 1.174964928147806509e+00
3.247694235588972447e+02 1.130779784273242994e+00 1.156884203401848499e+00 1.169181871942270190e+00 1.191810474391493901e+00 1.168090187375995459e+00
3.249172932330827166e+02 1.138399330795718090e+00 1.156521684927991123e+00 1.172904672131056980e+00 1.194797076613985709e+00 1.161226937992994479e+00
3.250651629072681885e+02 1.146016098147592199e+00 1.156126138555824800e+00 1.176620562787244140e+00 1.197780402363004537e+00 1.157949078834196621e+00
3.252130325814536036e+02 1.135210057075095813e+00 1.155697876748127628e+00 1.180329563399893367e+00 1.180301102507320010e+00 1.158347358698895047e+00
3.253609022556390755e+02 1.121609856141470907e+00 1.149434986681090898e+00 1.182368704404471060e+00 1.161310707793141939e+00 1.156607569171808292e+00
3.255087719298245474e+02 1.121729737623442746e+00 1.131963488561606557e+00 1.165254432579654553e+00 1.148483448264486784e+00 1.154873681845721256e+00
3.256566416040100194e+02 1.122508053234012593e+00 1.105895522735532710e+00 1.148569549011797308e+00 1.146400725030536361e+00 1.153894581906361516e+00
3.258045112781954913e+02 1.123287067357995772e+00 1.103994807989578497e+00 1.151487916841515968e+00 1.153406411221243433e+00 1.144381466176640050e+00
3.259523809523809632e+02 1.124066757961527552e+00 1.108698158610738282e+00 1.160091928961888508e+00 1.160398634189026890e+00 1.134384882340833789e+00
3.261002506265664351e+02 1.117009031496996707e+00 1.113394949631478115e+00 1.168716525169001264e+00 1.165711738171808065e+00 1.130404027878728401e+00
3.262481203007519071e+02 1.110876908812916231e+00 1.118085206150416733e+00 1.166559927430223631e+00 1.157286876031148992e+00 1.133796607468795958e+00
3.263959899749373221e+02 1.127889159327496893e+00 1.133140242996185210e+00 1.133574204006053021e+00 1.146960039468724046e+00 1.145191686172428502e+00
3.265438596491227941e+02 1.133530847795569674e+00 1.129224810426589398e+00 1.099038048498917064e+00 1.140116376878452353e+00 1.152618832684010775e+00
3.266917293233082660e+02 1.136546260660224350e+00 1.134799770305061406e+00 1.097321356556314242e+00 1.140520678469379101e+00 1.148994565741167539e+00
3.268395989974937379e+02 1.139556706257141672e+00 1.130581241124323677e+00 1.097914272029314686e+00 1.142277184599583384e+00 1.137974156276191362e+00
3.269874686716792098e+02 1.142562201486561513e+00 1.126404287404040527e+00 1.098507969391313344e+00 1.143971357849409953e+00 1.128090629976692183e+00
3.271353383458646817e+02 1.134443520120589799e+00 1.122268435955040777e+00 1.099102449209626631e+00 1.132844950607971857e+00 1.127201586282808865e+00
3.272832080200500968e+02 1.112224896408438246e+00 1.118173221025463571e+00 1.099100700897208904e+00 1.121508574207684683e+00 1.124259880055037186e+00
3.274310776942355687e+02 1.098444931292124949e+00 1.125383384903281714e+00 1.084511215799381700e+00 1.112526479793495060e+00 1.120560969754794245e+00
3.275789473684210407e+02 1.104796112334138769e+00 1.142685979543432317e+00 1.079110916335940917e+00 1.113298935121986633e+00 1.120940209506172680e+00
3.277268170426065126e+02 1.111134244317567354e+00 1.122216788402243592e+00 1.080483053489414980e+00 1.114122804973140424e+00 1.119225922010844476e+00
3.278746867167919845e+02 1.117459364923047316e+00 1.119637385763081916e+00 1.090443482194458413e+00 1.114945261127481269e+00 1.113469368263642734e+00
3.280225563909774564e+02 1.123771511703754555e+00 1.117017248075787395e+00 1.100398747196829730e+00 1.115766307157093573e+00 1.110176923585385556e+00
3.281704260651629284e+02 1.120064775390900769e+00 1.114356456929568528e+00 1.109953479837463286e+00 1.103692100103178531e+00 1.111471887272038828e+00
3.283182957393484003e+02 1.089226538716800974e+00 1.113605521543816979e+00 1.117551214599642018e+00 1.093658359863566520e+00 1.115988753411754075e+00
3.284661654135338154e+02 1.086491310244745989e+00 1.116805209616257732e+00 1.105112834284720957e+00 1.098329381191294418e+00 1.120535864561295947e+00
3.286140350877192873e+02 1.089878338475056774e+00 1.080406416009946469e+00 1.085334788360751368e+00 1.105996351098240460e+00 1.114192772835067791e+00
3.287619047619047592e+02 1.093265123418497797e+00 1.072431300055135761e+00 1.081740479609446526e+00 1.107757149589558621e+00 1.101374720691415288e+00
3.289097744360902311e+02 1.096651665223456362e+00 1.081158769021145494e+00 1.087853457206747310e+00 1.109519456702361184e+00 1.087334888625546281e+00
3.290576441102757030e+02 1.095801687663804147e+00 1.089879742382166894e+00 1.093979262666872065e+00 1.110549325949335309e+00 1.078485251244278187e+00
3.292055137844611750e+02 1.074949550982736701e+00 1.098594247717968431e+00 1.100117938310560595e+00 1.081904666139659632e+00 1.073683028569709652e+00
3.293533834586465900e+02 1.054430792645292270e+00 1.105062209219324076e+00 1.109557798606765955e+00 1.082884780956087312e+00 1.071214680491714644e+00
3.295012531328320620e+02 1.054415250011045080e+00 1.071514094960898555e+00 1.097213891312092127e+00 1.092653741708784043e+00 1.078150566083789563e+00
3.296491228070175339e+02 1.054866100786267857e+00 1.040760529040183568e+00 1.079120535199489694e+00 1.091286950441867853e+00 1.085092833192336625e+00
3.297969924812030058e+02 1.055314871367232454e+00 1.045590416878782403e+00 1.080721451972689762e+00 1.086391640732001784e+00 1.082642924987554434e+00
3.299448621553884777e+02 1.055761573670434439e+00 1.054340951093180045e+00 1.083270509805326354e+00 1.081500464148263951e+00 1.079061071433688790e+00
3.300927318295739497e+02 1.047027421934411118e+00 1.063113311485706314e+00 1.085816299234233950e+00 1.073263296664318300e+00 1.084685963758812655e+00
3.302406015037594216e+02 1.035351855837739921e+00 1.071907572764242200e+00 1.078134730826688648e+00 1.062223854493051567e+00 1.076776843124762850e+00
3.303884711779448367e+02 1.041702578446732419e+00 1.065991302695904253e+00 1.067004614587560463e+00 1.067406967959356301e+00 1.066736967134676473e+00
3.305363408521303086e+02 1.047233257967013387e+00 1.040573852843693636e+00 1.053118087859089558e+00 1.081281984137582697e+00 1.067208836207441003e+00
3.306842105263157805e+02 1.052771179753283493e+00 1.021431640209224057e+00 1.042787639153924806e+00 1.080158571127039391e+00 1.063651224200123702e+00
3.308320802005012524e+02 1.058316371814689516e+00 1.026188593496361268e+00 1.050941209880167815e+00 1.079037461553713939e+00 1.054818107175666597e+00
3.309799498746867243e+02 1.063868862333530396e+00 1.030965594498116644e+00 1.059103701684886767e+00 1.077918647446272082e+00 1.048708652274201958e+00
3.311278195488721963e+02 1.042204922434461167e+00 1.035762770347837147e+00 1.065911407606267458e+00 1.076802120870496982e+00 1.048717394546400783e+00
3.312756892230576113e+02 1.039975159699896734e+00 1.049819877452530914e+00 1.060584580792940601e+00 1.041090460180315258e+00 1.052437964776051560e+00
3.314235588972430833e+02 1.045671632260043893e+00 1.053086947375384552e+00 1.046882795779637609e+00 1.034644079303525865e+00 1.055644975646670147e+00
3.315714285714285552e+02 1.051372273281454550e+00 1.046148809859168916e+00 1.030196407510010737e+00 1.035122735363972257e+00 1.058459911552212418e+00
3.317192982456140271e+02 1.057077086661835308e+00 1.038440075365795190e+00 1.023257434817532063e+00 1.047813516278865542e+00 1.061283231081858736e+00
3.318671679197994990e+02 1.062786076301595717e+00 1.041245403773728651e+00 1.022302836973193685e+00 1.060516595148205843e+00 1.050424521184699422e+00
3.320150375939849710e+02 1.068499246103838729e+00 1.044041603571043364e+00 1.021353820339195417e+00 1.073231975969272778e+00 1.047377701309951004e+00
3.321629072681704429e+02 1.046127820989322998e+00 1.046828745060046639e+00 1.026488638798327635e+00 1.070362705436322726e+00 1.047707077814054477e+00
3.323107769423559148e+02 1.017611507288003647e+00 1.046557267444083283e+00 1.040948675464391071e+00 1.042463456194835603e+00 1.038307382000337009e+00
3.324586466165413299e+02 1.017593883959839962e+00 1.033648094485166036e+00 1.047633308824900578e+00 1.021600173641919351e+00 1.028870080069415716e+00
3.326065162907268018e+02 1.028061951110859074e+00 1.015156287923715484e+00 1.036563490005785848e+00 1.019436114121342607e+00 1.026599861242734502e+00
3.327543859649122737e+02 1.038508519558024146e+00 1.034148658734843851e+00 1.033553706834326791e+00 1.026682960339807771e+00 1.014902994041975148e+00
3.329022556390977456e+02 1.048933612738629728e+00 1.053157415632501870e+00 1.030538496441228524e+00 1.033917955961113355e+00 1.013856515416695414e+00
3.330501253132832176e+02 1.050545725766321992e+00 1.072182612069246144e+00 1.027517844568915484e+00 1.041141130353632649e+00 1.018051148023116692e+00
3.331979949874686895e+02 1.033838422386059275e+00 1.091224301878505054e+00 1.024491736908377693e+00 1.037074228205539184e+00 1.022225129249980879e+00
3.333458646616541046e+02 1.017195615159949273e+00 1.062695875368721898e+00 1.044161850794263824e+00 1.024956967150092879e+00 1.022747963529593074e+00
3.334937343358395765e+02 1.011928139642666924e+00 1.017798481207170314e+00 1.041596841501088999e+00 1.016311869266684154e+00 1.026936788686013013e+00
3.336416040100250484e+02 1.013004172416248405e+00 9.975022173110660306e-01 1.029900078324632151e+00 1.011816845253124875e+00 1.023414944159988682e+00
3.337894736842105203e+02 1.014097790466581106e+00 1.000765634191219888e+00 1.032938752933884041e+00 1.007726339148027561e+00 1.018780612924985229e+00
3.339373433583959923e+02 1.015208848277535214e+00 1.004035021961333429e+00 1.035979680917651802e+00 1.003635844447589465e+00 1.015613940990722996e+00
3.340852130325814642e+02 1.009021540606543255e+00 1.007310438683345577e+00 1.038796407851981574e+00 9.941454482146320215e-01 1.014003945280288921e+00
3.342330827067669361e+02 1.003508900573694573e+00 1.010796147808446177e+00 1.037397360843385963e+00 9.855442443933355445e-01 1.006926232289246048e+00
3.343809523809524080e+02 1.004656467396747077e+00 1.002079154579140319e+00 1.022103959315331601e+00 9.895771168832298015e-01 9.998387475701856486e-01
3.345288220551378231e+02 1.011546997642868817e+00 9.843693583522163948e-01 1.007125583391181189e+00 1.000421302355336994e+00 9.982912688401520684e-01
3.346766917293232950e+02 1.018459498179652423e+00 9.742732961169452421e-01 1.003842610246744371e+00 1.004078732073654168e+00 9.929989656969988587e-01
3.348245614035087669e+02 1.025394078342781290e+00 9.784267776904020941e-01 1.014761000354329479e+00 1.007740885580362233e+00 9.834277175672588855e-01
3.349724310776942389e+02 1.032350848215106698e+00 9.825845620189468388e-01 1.025700335070924618e+00 1.011407770551338681e+00 9.806767006320146196e-01
3.351203007518797108e+02 1.008822956441201679e+00 9.867466747894498846e-01 1.036660707425890227e+00 9.980297369940688279e-01 9.862242383787747091e-01
3.352681704260651827e+02 9.772891689093198275e-01 9.909131416807840376e-01 1.030769693653537322e+00 9.855939547555137015e-01 1.005795671656493973e+00
3.354160401002505978e+02 9.692965673721032349e-01 9.801566033246853493e-01 9.863749122962539584e-01 9.866294150803849305e-01 1.010863218480223535e+00
3.355639097744360697e+02 9.770748863608712531e-01 9.865479627645211691e-01 9.679658466875659117e-01 9.913015501049475819e-01 1.013002692787436931e+00
3.357117794486215416e+02 9.848162925563866965e-01 9.911811238829711934e-01 9.653525052926327232e-01 9.947282850448021518e-01 1.009687056375008440e+00
3.358596491228070136e+02 9.925209551950348041e-01 9.958305699916474296e-01 9.669676281691707009e-01 9.981519088195930367e-01 9.931241825603943640e-01
3.360075187969924855e+02 1.000189042548366158e+00 1.000496429101678686e+00 9.685850550144354809e-01 1.000316037690350379e+00 9.930441797173040763e-01
3.361553884711779574e+02 9.761401332275873033e-01 1.005178830654657629e+00 9.781165575560325509e-01 9.930012744109597556e-01 9.984201338311814444e-01
3.363032581453634293e+02 9.608019754938291745e-01 1.002637546332090013e+00 9.902040949101882372e-01 9.753476816591879484e-01 1.003822442183260444e+00
3.364511278195488444e+02 9.565670824174931086e-01 9.783328634898417198e-01 9.820562617812643724e-01 9.694201901979290215e-01 1.006671225316363216e+00
3.365989974937343163e+02 9.541483942578251609e-01 9.596434722382480853e-01 9.642976156585680858e-01 9.710530417306922901e-01 1.002619545903909337e+00
3.367468671679197882e+02 9.517277027643060716e-01 9.693073794186671810e-01 9.637157519901274894e-01 9.743483370256912357e-01 9.906759644899667538e-01
3.368947368421052602e+02 9.493050023770965851e-01 9.789730909530470759e-01 9.631282099283750009e-01 9.776476217467446883e-01 9.801804777020866055e-01
3.370426065162907321e+02 9.410411771270855708e-01 9.886405970505836027e-01 9.625349734923255296e-01 9.809509041765372972e-01 9.766290109985416024e-01
3.371904761904762040e+02 9.439658597549575036e-01 9.870922944006482735e-01 9.699499096414410104e-01 9.712154719265481129e-01 9.672337309107643666e-01
3.373383458646616191e+02 9.643172507630910495e-01 9.667227064278204329e-01 9.671464257948105825e-01 9.613316111795544572e-01 9.578211817027979524e-01
3.374862155388470910e+02 9.680053192826559849e-01 9.373831354222452727e-01 9.511491398256717300e-01 9.667472779098226221e-01 9.560823487716924030e-01
3.376340852130325629e+02 9.716996904986974215e-01 9.340469265708968294e-01 9.461538554067868700e-01 9.646565875970221082e-01 9.582634084352087411e-01
3.377819548872180349e+02 9.754003783711507891e-01 9.505968097440601339e-01 9.545643320203444082e-01 9.625654457598629143e-01 9.497771190083846848e-01
3.379298245614035068e+02 9.791073968986222509e-01 9.671719993384662040e-01 9.630136746816049254e-01 9.604738520779355637e-01 9.414678458343358480e-01
3.380776942355889787e+02 9.715919822569434317e-01 9.837725535090453555e-01 9.700113762111285398e-01 9.458512824409749387e-01 9.436534835259380305e-01
3.382255639097744506e+02 9.754166396070756972e-01 9.959952981679479622e-01 9.717070367301450240e-01 9.274992545647874342e-01 9.467385554065079756e-01
3.383734335839599225e+02 9.739396726765300327e-01 9.705780414511037124e-01 9.511250765098281379e-01 9.428199333903679591e-01 9.498404021422364174e-01
3.385213032581453376e+02 9.724585214160256230e-01 9.517713907002577356e-01 9.425234294038259408e-01 9.585708293585781803e-01 9.473181883613739362e-01
3.386691729323308095e+02 9.709731665712945103e-01 9.541594882074385664e-01 9.480915283618094325e-01 9.540796446799287844e-01 9.372690716571355773e-01
3.388170426065162815e+02 9.694835887609400960e-01 9.565500990214041988e-01 9.536379873324926093e-01 9.495884607537511402e-01 9.254548800044993806e-01
3.389649122807017534e+02 9.665112313791944798e-01 9.589432620219143777e-01 9.591628443987714192e-01 9.443642105201432990e-01 9.212151347936751167e-01
3.391127819548872253e+02 9.537418717250717437e-01 9.613390162930834926e-01 9.646661374231741970e-01 9.275121987612902075e-01 9.322825308140618716e-01
3.392606516290726972e+02 9.409552224080708349e-01 9.622781991610775965e-01 9.450980087615746816e-01 9.269512058359797857e-01 9.645013134239536212e-01
3.394085213032581123e+02 9.428281225390587883e-01 9.436723837291767225e-01 9.128232442151547055e-01 9.418690069485062821e-01 9.618661054932762244e-01
3.395563909774435842e+02 9.445670606721251472e-01 9.186707783442493724e-01 9.037488209795121463e-01 9.437982281504191384e-01 9.522105059713946718e-01
3.397042606516290562e+02 9.462984690567014523e-01 9.318371149976778511e-01 9.164744094584661438e-01 9.408500510134520933e-01 9.390706438689875313e-01
3.398521303258145281e+02 9.480223963065489423e-01 9.468400540466328508e-01 9.297990019563958652e-01 9.379143678655639249e-01 9.260091123676296165e-01
3.400000000000000000e+02 9.495225564587814748e-01 9.617344585161748949e-01 9.429880205937144488e-01 9.342667837601925651e-01 9.200540871259177411e-01
