2.810000000000000000e+02 -4.168252456620326341e-02 4.175940674514825451e-03 -2.501640556198674731e-02 3.740582672675497877e-02 1.364074578586521244e-02
2.811478696741854719e+02 -4.397411926936854037e-02 2.153629219534517608e-02 -1.147355915289866718e-02 3.619952804997788459e-02 -2.354076091431602999e-02
2.812957393483709438e+02 -5.451993997980193740e-02 3.884392205959874556e-02 2.585973773581690550e-03 3.054227124209139832e-02 -2.834948166313242673e-02
2.814436090225564158e+02 -3.937263896436133531e-02 -1.364690702328225438e-02 1.477750726112619754e-02 -2.173214053603846410e-02 -3.314601794065342305e-02
2.815914786967418308e+02 -2.051733212995869929e-02 -7.355036669197147214e-02 1.725480135746678811e-03 -2.031711481052368706e-02 -4.188265254251811488e-03
2.817393483709273028e+02 -6.309667347419525146e-03 -6.005022968982211273e-02 -2.134584596072528276e-02 3.287279030486000599e-03 3.167585149113629622e-02
2.818872180451127747e+02 2.294493846030439162e-03 -4.649582251003443745e-02 -3.141880556835700833e-02 1.942364288171846351e-02 -4.300799728231909785e-03
2.820350877192982466e+02 -3.678906633954048128e-02 -8.518043577071054973e-02 1.496066245996418610e-02 3.425575415878574087e-02 3.475705571679067046e-02
2.821829573934837185e+02 -4.055465322838449488e-02 -4.962419367264379183e-02 3.758875322772348149e-02 3.010285738834668056e-03 1.378534101798087157e-02
2.823308270676691905e+02 -7.278885257370100448e-02 -7.143649466851109686e-02 -2.767348386934780080e-02 -1.956244002409649255e-02 -1.618670908634756850e-02
2.824786967418546624e+02 -2.297915298685036106e-02 -2.466682205249365323e-02 -2.448504761673438168e-02 -2.660655389514744382e-02 -3.725571047034587167e-03
2.826265664160400775e+02 1.585059511736479701e-02 -5.014237133191121881e-02 -2.439034145919687091e-02 -2.358103749441062616e-02 1.368595931119558247e-02
2.827744360902255494e+02 9.763277184997153774e-03 1.649724067075745287e-02 -2.107684803677113868e-03 3.185640356358057645e-02 -6.848740141964044549e-03
2.829223057644110213e+02 -2.837329820462140481e-02 -9.778618218417052879e-03 1.364848852885650575e-02 -4.026790389883793536e-02 -4.386301505010057646e-03
2.830701754385964932e+02 1.223214384404242711e-02 6.617637028432464541e-02 -1.431629874631708873e-03 -4.518938316434194941e-02 -1.091482263254597851e-02
2.832180451127819651e+02 2.477918035700385317e-03 4.782269555861143155e-03 -2.762904090399299559e-02 -5.181086072091960204e-02 3.531993673908328385e-02
2.833659147869674371e+02 7.353237672898876864e-02 3.833547058441596350e-02 -2.766095696317217439e-02 1.303800355513372485e-02 1.049119560847677247e-02
2.835137844611529090e+02 -1.335559924311542288e-02 5.278238280062071824e-03 -2.390934465588659755e-02 8.521256577576942493e-03 -5.297688997584618260e-03
2.836616541353383241e+02 5.608957336497752411e-02 2.542330873873405173e-02 5.332852080857257426e-02 1.254413079356266406e-02 -2.692938131212981208e-03
2.838095238095237960e+02 3.796005425555502855e-02 7.868230327026587423e-02 1.886246560053647658e-02 -6.956328329452827336e-03 -3.074265900756336864e-02
2.839573934837092679e+02 2.110164124556716536e-01 1.848409053159200122e-01 9.106429459449930097e-02 2.593938055526668826e-02 2.096467037931873736e-02
2.841052631578947398e+02 6.772928323415293717e-01 5.888031304766514484e-01 3.143307930967277342e-01 1.352484917708534629e-01 1.269671877329206777e-01
2.842531328320802118e+02 1.150475668056368805e+00 1.160357562803403964e+00 6.076210120312797169e-01 2.648068217662494783e-01 8.814549062772848720e-02
2.844010025062656837e+02 1.247154159857486899e+00 1.162231817434715930e+00 6.766387062764970262e-01 3.494172385742058684e-01 1.175438105272986478e-01
2.845488721804511556e+02 1.346601133769461889e+00 1.249573573568993012e+00 7.551814849491480519e-01 3.585942183101893388e-01 1.522017608888178719e-01
2.846967418546365707e+02 1.703303709334257343e+00 1.593639344664789403e+00 9.734306525316512859e-01 4.781591336966762307e-01 2.202131905509205623e-01
2.848446115288220426e+02 1.833772520069594014e+00 1.690958358497384628e+00 9.779228507435372419e-01 5.434017941531568141e-01 2.496622792484816389e-01
2.849924812030075145e+02 1.432202501941477024e+00 1.355876865547354093e+00 7.784158742406925846e-01 4.238191176918024716e-01 2.013471965521532736e-01
2.851403508771929864e+02 9.720410744642248302e-01 9.056449417561691639e-01 5.710869221159561304e-01 3.289324695503119123e-01 1.886356657752113475e-01
2.852882205513784584e+02 7.682911382068918771e-01 7.409127818696770174e-01 5.092132307265149205e-01 2.848000470734560752e-01 1.336225799372882106e-01
2.854360902255639303e+02 9.058280275534335013e-01 8.389614608599436085e-01 5.605662318389421639e-01 3.199503234284982733e-01 1.836238088295671644e-01
2.855839598997493454e+02 1.218901165789559649e+00 1.159770377753021942e+00 7.141266586971620756e-01 4.138136220609145988e-01 1.949400609609120427e-01
2.857318295739348173e+02 1.621012351907197946e+00 1.581349658995244045e+00 9.734221498887410950e-01 5.018709630331221749e-01 2.106441105559377913e-01
2.858796992481202892e+02 1.939572764637573998e+00 1.822882229682291966e+00 1.139622749981174632e+00 6.206968982179114080e-01 2.379754972657285306e-01
2.860275689223057611e+02 1.983427070184168972e+00 1.902729994171673544e+00 1.225117932261655884e+00 6.417608815845534664e-01 3.002154207145853460e-01
2.861754385964912331e+02 1.966881562100892378e+00 1.824745187803631152e+00 1.198769140497014885e+00 7.101433593413457590e-01 3.841869232431915360e-01
2.863233082706767050e+02 1.837828154212211684e+00 1.844415458577318478e+00 1.201734078145602513e+00 8.367703217723786446e-01 5.010107521151438981e-01
2.864711779448621769e+02 1.756323225886114114e+00 1.849067752352960836e+00 1.390393898278229790e+00 1.170329138624577991e+00 8.849620951929941803e-01
2.866190476190475920e+02 1.628455062880857396e+00 1.635874506322583244e+00 1.259723186636347414e+00 1.266669779946398178e+00 9.845224712400876266e-01
2.867669172932330639e+02 1.493123073151376268e+00 1.494949661210063008e+00 1.234800896816460547e+00 1.279145168392582743e+00 1.049816654774652580e+00
2.869147869674185358e+02 1.618864264418023113e+00 1.668408720713306037e+00 1.303994201919005835e+00 1.376738764265646564e+00 1.145743703171870909e+00
2.870626566416040077e+02 2.034118837441591943e+00 2.071406351616221553e+00 1.644308617337902012e+00 1.685618768176045723e+00 1.371493182527360188e+00
2.872105263157894797e+02 2.389640932858304812e+00 2.418942665371528467e+00 1.885516910268410840e+00 1.978250018301222379e+00 1.596110534360477562e+00
2.873583959899749516e+02 2.581696415810323497e+00 2.550863206428039209e+00 2.089415180064659427e+00 2.148429315107623250e+00 1.757820404565602068e+00
2.875062656641604235e+02 2.736645412003696265e+00 2.685323885427355339e+00 2.239816620901240007e+00 2.297115111373277951e+00 1.845334339707039195e+00
2.876541353383458386e+02 2.957441178461329478e+00 2.862912580885946578e+00 2.331957497699109094e+00 2.446965961912908494e+00 1.999028359724755788e+00
2.878020050125313105e+02 3.101595689409251566e+00 3.046066727899862769e+00 2.449116359981990954e+00 2.503266589314687263e+00 2.050886613547551640e+00
2.879498746867167824e+02 3.105890815827962559e+00 3.000762052204271946e+00 2.477068522251478111e+00 2.559115672524528318e+00 2.065890053801682225e+00
2.880977443609022544e+02 2.930294439138367402e+00 2.882630488884023290e+00 2.408575313282796060e+00 2.453238115762032656e+00 2.020600214623505142e+00
2.882456140350877263e+02 2.847619945274078912e+00 2.716277121154963226e+00 2.345197962258104063e+00 2.391219024203251831e+00 1.962063618570527357e+00
2.883934837092731982e+02 2.684964109285096434e+00 2.687507138587659217e+00 2.187230525244866275e+00 2.319154577831883390e+00 1.898866098728798635e+00
2.885413533834586701e+02 2.606303240042479707e+00 2.530320205092607910e+00 2.141169658157395350e+00 2.288209911464561319e+00 1.869684454761236791e+00
2.886892230576440852e+02 2.433189486767045828e+00 2.397849665804820063e+00 2.045788730803733024e+00 2.306624122310704017e+00 1.831652323465658760e+00
2.888370927318295571e+02 2.368395030136095869e+00 2.306070724471704025e+00 2.016204700583707599e+00 2.229128558676234384e+00 1.844928390029788590e+00
2.889849624060150290e+02 2.236727796139836855e+00 2.280525971994575407e+00 1.968955017716474742e+00 2.189559962725221798e+00 1.846718287056566821e+00
2.891328320802005010e+02 2.257681252535953753e+00 2.249930647241221493e+00 1.941800179044750774e+00 2.177912588508780889e+00 1.849619749230573262e+00
2.892807017543859729e+02 2.215147351797404962e+00 2.173128851476807455e+00 1.948044792068858166e+00 2.251563839790475363e+00 1.878744101709859837e+00
2.894285714285714448e+02 2.224780418141645733e+00 2.172093223382466132e+00 1.996950732322626321e+00 2.272825067467322935e+00 2.014682101170646611e+00
2.895764411027569167e+02 2.251954747988123451e+00 2.197623729307336404e+00 2.075739670736094222e+00 2.402769377724465194e+00 2.114439581538286372e+00
2.897243107769423318e+02 2.299871900002238068e+00 2.298434336233886821e+00 2.099907669869742310e+00 2.454659012965977105e+00 2.153090886211344479e+00
2.898721804511278037e+02 2.249227339750025312e+00 2.270589056772999381e+00 2.099724547184306900e+00 2.424798980945182425e+00 2.249825136062492348e+00
2.900200501253132757e+02 2.222756149653545510e+00 2.246781727246612625e+00 2.069114837237902460e+00 2.450280922212847212e+00 2.243262362765061191e+00
2.901679197994987476e+02 2.352704831285765685e+00 2.241043991658278944e+00 2.200062354512894558e+00 2.461168602815823725e+00 2.191854968092044942e+00
2.903157894736842195e+02 2.310440223048780606e+00 2.179712619924383699e+00 2.317999368625702328e+00 2.532543185921014128e+00 2.268589701901805089e+00
2.904636591478696914e+02 2.372389400983497598e+00 2.233153344193811840e+00 2.364811786647631031e+00 2.563948636962126937e+00 2.287750159686773088e+00
2.906115288220551633e+02 2.379157876180557185e+00 2.271380905868475075e+00 2.409360636444946024e+00 2.597702301317919016e+00 2.374854642794592241e+00
2.907593984962405784e+02 2.476842754922219836e+00 2.325284165659923019e+00 2.453240409535832889e+00 2.642415857538316093e+00 2.378783011276702108e+00
2.909072681704260503e+02 2.513148779814480704e+00 2.447060196595763237e+00 2.483575748884087275e+00 2.692136764546838812e+00 2.436204111470275713e+00
2.910551378446115223e+02 2.523724129268025251e+00 2.420738879658610454e+00 2.534427500985616089e+00 2.760730382161925345e+00 2.483075165889839564e+00
2.912030075187969942e+02 2.576372118740420714e+00 2.533287033201522487e+00 2.590836627492165700e+00 2.848588211227501166e+00 2.521505634980782062e+00
2.913508771929824661e+02 2.627665004532379278e+00 2.569227807572143529e+00 2.641732330659764649e+00 2.902139764595992766e+00 2.618767907558871677e+00
2.914987468671679380e+02 2.687199113439430409e+00 2.617658351641822367e+00 2.705526849079217033e+00 2.950889041099619359e+00 2.626570616131311819e+00
2.916466165413534100e+02 2.665109731599250686e+00 2.586889507066501004e+00 2.683150743696575358e+00 2.959555250619521516e+00 2.669688502225329607e+00
2.917944862155388250e+02 2.676319625097202781e+00 2.641092903128582581e+00 2.684733255573703570e+00 3.003712168041547947e+00 2.694013969433251443e+00
2.919423558897242970e+02 2.657241856194572982e+00 2.669462660241217922e+00 2.717050604212540410e+00 3.039310703817989623e+00 2.757551492900356394e+00
2.920902255639097689e+02 2.704237317464098567e+00 2.627682681648990215e+00 2.713016665802329364e+00 3.073807531309640684e+00 2.741668315577719728e+00
2.922380952380952408e+02 2.695714228671177715e+00 2.614992223323412635e+00 2.729207360934058357e+00 3.053649820061826059e+00 2.779830643957967418e+00
2.923859649122807127e+02 2.750289729903207636e+00 2.609462086413643966e+00 2.762203944658083721e+00 3.067625918566251553e+00 2.776662452683537730e+00
2.925338345864661846e+02 2.754812295123768795e+00 2.649311308849550350e+00 2.767664553011259354e+00 3.100511023211920847e+00 2.768745984504975333e+00
2.926817042606515997e+02 2.720571838366568684e+00 2.591618950487844408e+00 2.791960612169103406e+00 3.116620398231310762e+00 2.762759959399407883e+00
2.928295739348370716e+02 2.739068092559027612e+00 2.576302116808518949e+00 2.762167633574847514e+00 3.097584057084266096e+00 2.769935498988263856e+00
2.929774436090225436e+02 2.684429085088243294e+00 2.557268086787402250e+00 2.817136262937268043e+00 3.132594581210891516e+00 2.803294468798458006e+00
2.931253132832080155e+02 2.651019565070642958e+00 2.594130912455667737e+00 2.797423298091992638e+00 3.106700256144456329e+00 2.811985792821887653e+00
2.932731829573934874e+02 2.638684729500529347e+00 2.575585192140516178e+00 2.788933572793105498e+00 3.089615186301190697e+00 2.812995241293366977e+00
2.934210526315789593e+02 2.634841770934049254e+00 2.508704948548174940e+00 2.754630869165080043e+00 3.059116752835440156e+00 2.781906965098079887e+00
2.935689223057644313e+02 2.581420960059169545e+00 2.492592309887497581e+00 2.723799958254431441e+00 3.010377055297229099e+00 2.772507918160227458e+00
2.937167919799499032e+02 2.538547581686349641e+00 2.559915270735398707e+00 2.716510557647608515e+00 3.042732479098134490e+00 2.775824659615357959e+00
2.938646616541353183e+02 2.555032800821070094e+00 2.471599786129965448e+00 2.687714340824050918e+00 3.020211905405307373e+00 2.794531024308202660e+00
2.940125313283207902e+02 2.549032869155170022e+00 2.465848325540743069e+00 2.672153523631654259e+00 3.066371319962633013e+00 2.744512735589910601e+00
2.941604010025062621e+02 2.483195761683334002e+00 2.413551702782100516e+00 2.616909680185465881e+00 3.020924805578686811e+00 2.696507327192833259e+00
2.943082706766917340e+02 2.422167294258141368e+00 2.331580221710117584e+00 2.613800203994222304e+00 2.955482136531526471e+00 2.693690738578726318e+00
2.944561403508772059e+02 2.398277101166109482e+00 2.359037266326942550e+00 2.586900571056611753e+00 2.914927230799980062e+00 2.696648706868149947e+00
2.946040100250626779e+02 2.367883462460454780e+00 2.320370538023589280e+00 2.581879181018403191e+00 2.907717878696730818e+00 2.661601944270237219e+00
2.947518796992480929e+02 2.337010026236878257e+00 2.270020523536743440e+00 2.555760003429249583e+00 2.907966906887877734e+00 2.604954411197652586e+00
2.948997493734335649e+02 2.329835497577160464e+00 2.261498403761416309e+00 2.530682566391482702e+00 2.891848984389423283e+00 2.611745685317354404e+00
2.950476190476190368e+02 2.283165955536370362e+00 2.231857886462186080e+00 2.503331582491809204e+00 2.872928673764928664e+00 2.589692408658661904e+00
2.951954887218045087e+02 2.236900699308329798e+00 2.175448607250644706e+00 2.473146812571995312e+00 2.849798708689514459e+00 2.634207790490837642e+00
2.953433583959899806e+02 2.234715113768742878e+00 2.167789695703294939e+00 2.494114384688439490e+00 2.807120324237525999e+00 2.564565391485609247e+00
2.954912280701754526e+02 2.174027244094765887e+00 2.108925873817196539e+00 2.454886575151029593e+00 2.891126525311928486e+00 2.560401075138495131e+00
2.956390977443609245e+02 2.123736273448061151e+00 2.157099678090470540e+00 2.468094233130686543e+00 2.799535923774034263e+00 2.509769169050278581e+00
2.957869674185463396e+02 2.139967645474685654e+00 2.100692699994176849e+00 2.436419644189145473e+00 2.801669621000142385e+00 2.559255836051641086e+00
2.959348370927318115e+02 2.275384431270764285e+00 2.093903783520013828e+00 2.480201050654617489e+00 2.780487570058923108e+00 2.538333429004144826e+00
2.960827067669172834e+02 2.232845718883808228e+00 2.082102880363118746e+00 2.404743436029034065e+00 2.767415974018456293e+00 2.536473215231902945e+00
2.962305764411027553e+02 2.243790822522096384e+00 2.033162020499127198e+00 2.384194867115157823e+00 2.786967337612128226e+00 2.534750865111749629e+00
2.963784461152882272e+02 2.215915519741012751e+00 1.988690502746530919e+00 2.410517907600183918e+00 2.783694192632832465e+00 2.515672197338684857e+00
2.965263157894736992e+02 2.226698439203296687e+00 2.040206677328716633e+00 2.432765882219426246e+00 2.786551649658322916e+00 2.551413228111450326e+00
2.966741854636591711e+02 2.264115857022172218e+00 2.021843979950900039e+00 2.424516167031174785e+00 2.761587000345374854e+00 2.528181221736909290e+00
2.968220551378445862e+02 2.234023094653241337e+00 2.041010567685271671e+00 2.421413178255435117e+00 2.815967946488049822e+00 2.598528581393604320e+00
2.969699248120300581e+02 2.192628638226813642e+00 1.975239261101068067e+00 2.417414864677496666e+00 2.817263019793723622e+00 2.510079262726254257e+00
2.971177944862155300e+02 2.114311516629989285e+00 1.914415853522241306e+00 2.415397366256256007e+00 2.816523104622097762e+00 2.458313104011754291e+00
2.972656641604010019e+02 2.113100455900854602e+00 1.919274637586342980e+00 2.422041963976724332e+00 2.823549858836559068e+00 2.450232442326001348e+00
2.974135338345864739e+02 2.116868385626930582e+00 1.924244815495797845e+00 2.433023939764407562e+00 2.829277082543180555e+00 2.442851082036924470e+00
2.975614035087719458e+02 2.124901540426369806e+00 1.938550893694102495e+00 2.444118264583463596e+00 2.824680702853886061e+00 2.435469347481062918e+00
2.977092731829574177e+02 2.133132542592528935e+00 1.952361279098011160e+00 2.455326688998200613e+00 2.817006959972146340e+00 2.428087239706094191e+00
2.978571428571428328e+02 2.139465156916967814e+00 1.966379606224957666e+00 2.454815975417217633e+00 2.809266931492583996e+00 2.420704759763284475e+00
2.980050125313283047e+02 2.144539118495918384e+00 1.980120612390364965e+00 2.444982681749023889e+00 2.818234469819348220e+00 2.436522871774627674e+00
2.981528822055137766e+02 2.149615321676905388e+00 1.994289001743511536e+00 2.425096649900854828e+00 2.832034117483260616e+00 2.447350047286499741e+00
2.983007518796992485e+02 2.154693768583243685e+00 2.008428270719133657e+00 2.416295156434367097e+00 2.845802874972705787e+00 2.419021897166613755e+00
2.984486215538847205e+02 2.156229165329190955e+00 2.022538502710200081e+00 2.421556236063900691e+00 2.851881597664582380e+00 2.391919806196746823e+00
2.985964912280701924e+02 2.148112588357518060e+00 2.036619780839723948e+00 2.426782985372057500e+00 2.849302163296756341e+00 2.364877345875023629e+00
2.987443609022556643e+02 2.177062787118714482e+00 2.055915934316101090e+00 2.414956981612507825e+00 2.845556394074957307e+00 2.337894289895934286e+00
2.988922305764410794e+02 2.208993035546298778e+00 2.075583693864255785e+00 2.411218906718522348e+00 2.855197355256386960e+00 2.310970413075958962e+00
2.990401002506265513e+02 2.214146939920508927e+00 2.073920796760436502e+00 2.416955233944521719e+00 2.870499413810277289e+00 2.343729226897643958e+00
2.991879699248120232e+02 2.212262341847305525e+00 2.064759634810390043e+00 2.421146638081787650e+00 2.885805512670813311e+00 2.403249044439255577e+00
2.993358395989974952e+02 2.206904181976415469e+00 2.055639276409540361e+00 2.424653559965173510e+00 2.897833405953708308e+00 2.441365288127818722e+00
2.994837092731829671e+02 2.185646080546753911e+00 2.046559483457278450e+00 2.428165036515967490e+00 2.871988340589509914e+00 2.464874579300188717e+00
2.996315789473684390e+02 2.179622648518723782e+00 2.035965122333144972e+00 2.426448951523195063e+00 2.838530761516405043e+00 2.488311534585128992e+00
2.997794486215539109e+02 2.162593844248145825e+00 1.984892729612663276e+00 2.400701161571046072e+00 2.787789371401196092e+00 2.511676438352271834e+00
2.999273182957393260e+02 2.154151320953608728e+00 1.981769136800273889e+00 2.376945684806753611e+00 2.756575755659178562e+00 2.533236136254553461e+00
3.000751879699247979e+02 2.147820752693199164e+00 2.007190480096560758e+00 2.372370285316760530e+00 2.756404342183550682e+00 2.525176896610122235e+00
3.002230576441102698e+02 2.141484879783563056e+00 2.034163461994640265e+00 2.368700130577987562e+00 2.756216132399823771e+00 2.504038228670827149e+00
3.003709273182957418e+02 2.117130416114886948e+00 2.061151423680404715e+00 2.357833592740819828e+00 2.751098658624217208e+00 2.504221992278003128e+00
3.005187969924812137e+02 2.079710982826657784e+00 2.088155593316509684e+00 2.347006660704394232e+00 2.737909234411584514e+00 2.504410934073966644e+00
3.006666666666666856e+02 2.057530439916418707e+00 2.101554351481174976e+00 2.336219120900952184e+00 2.720469709746323073e+00 2.504605070288460578e+00
3.008145363408521007e+02 2.021556943485336433e+00 2.098220858887903884e+00 2.301526927786209153e+00 2.710749954941218398e+00 2.504804417325019017e+00
3.009624060150375726e+02 1.994972186003012737e+00 2.096120410456367988e+00 2.300582857156136640e+00 2.700970336168196262e+00 2.494600685758445735e+00
3.011102756892230445e+02 1.985577986216259916e+00 2.091875147741301788e+00 2.308475089165658023e+00 2.690670766005275105e+00 2.477121978968684690e+00
3.012581453634085165e+02 1.976217023193358235e+00 2.087620227898258740e+00 2.311891981624692338e+00 2.680424739724022842e+00 2.461830514202855813e+00
3.014060150375939884e+02 1.953790206833721843e+00 2.083355755824783273e+00 2.305055461673946482e+00 2.670231840622942165e+00 2.451426431429283959e+00
3.015538847117794603e+02 1.928282892645738489e+00 2.079081835444998472e+00 2.298229015660893104e+00 2.635354677725305184e+00 2.441067735968348806e+00
3.017017543859649322e+02 1.935625262317159700e+00 2.063022446048190517e+00 2.268699143523444040e+00 2.629038192235370719e+00 2.430754130900715904e+00
3.018496240601504041e+02 1.955565026443944143e+00 2.078075693747102104e+00 2.241412739670902265e+00 2.625668604391882432e+00 2.420485321889452646e+00
3.019974937343358192e+02 1.954660274755587013e+00 2.060580921729382453e+00 2.247247914378279088e+00 2.618590845949614554e+00 2.392659133211042288e+00
3.021453634085212911e+02 1.943571939300613893e+00 2.054183103485356821e+00 2.256506435257399801e+00 2.611520292710570068e+00 2.342611094361444213e+00
3.022932330827067631e+02 1.932526392335289778e+00 2.047796221054877908e+00 2.258765519525427923e+00 2.604456935040520893e+00 2.319826951728524378e+00
3.024411027568922350e+02 1.906930475159705818e+00 2.041420052480545255e+00 2.256457925565147349e+00 2.578025957664628720e+00 2.321288141063826416e+00
3.025889724310777069e+02 1.886923387977853528e+00 2.031666344582972794e+00 2.252590279226027281e+00 2.553546330103959594e+00 2.322735778040010413e+00
3.027368421052631788e+02 1.881880740204766811e+00 1.990100179863844021e+00 2.223048246603297251e+00 2.549634047221124966e+00 2.324169900920039833e+00
3.028847117794485939e+02 1.895656464982694800e+00 1.936251544560189553e+00 2.192377265921502172e+00 2.550418788899060374e+00 2.325590547473003866e+00
3.030325814536340658e+02 1.879568629238201893e+00 1.933950042864602370e+00 2.156726266587598140e+00 2.550799048371973132e+00 2.298658525131292762e+00
3.031804511278195378e+02 1.861357285963876729e+00 1.934709359897356373e+00 2.124236490299436841e+00 2.551188979985513416e+00 2.269111252294143899e+00
3.033283208020050097e+02 1.835587664004531661e+00 1.935426595879095713e+00 2.128415536877988679e+00 2.546056914911209113e+00 2.254352796035145268e+00
3.034761904761904816e+02 1.797473267890229875e+00 1.936101891725329649e+00 2.136156416921902945e+00 2.520694298886393625e+00 2.243609951923213774e+00
3.036240601503759535e+02 1.766433332533945411e+00 1.929327879809578539e+00 2.136621474153786338e+00 2.497265076261292904e+00 2.232913671410473366e+00
3.037719298245614254e+02 1.750460097757085665e+00 1.886797460992896802e+00 2.119835116730398816e+00 2.452097681367816140e+00 2.222263664275520689e+00
3.039197994987468405e+02 1.737088950625308215e+00 1.842849757040405656e+00 2.089481812340450162e+00 2.444099232490650753e+00 2.206085267893309609e+00
3.040676691729323124e+02 1.731692687608771930e+00 1.839625409086097729e+00 2.046381962710841051e+00 2.436128736405858142e+00 2.184594969940303777e+00
3.042155388471177844e+02 1.726335512726368426e+00 1.836415406475668588e+00 2.013822833472015184e+00 2.428186143848217515e+00 2.163857677117617229e+00
3.043634085213032563e+02 1.721017171567363668e+00 1.833219674648905562e+00 2.014674190452519387e+00 2.408877198975345468e+00 2.146245472223192952e+00
3.045112781954887282e+02 1.700310927247435711e+00 1.830038139664555530e+00 2.015535053390110853e+00 2.379046970828268659e+00 2.128697176356784126e+00
3.046591478696742001e+02 1.725117208172462613e+00 1.845916930921055243e+00 2.016405486783999113e+00 2.335574226195550551e+00 2.111212465320398302e+00
3.048070175438596721e+02 1.773538757660344301e+00 1.870716668162979213e+00 1.995010140749981842e+00 2.302322265247891853e+00 2.093791017394911691e+00
3.049548872180450871e+02 1.784653522066042219e+00 1.872621610145752236e+00 1.992275131694335677e+00 2.287652565257213499e+00 2.074932671023347108e+00
3.051027568922305591e+02 1.777448783631855767e+00 1.857020308112682372e+00 1.988299955749114778e+00 2.274575113569480056e+00 2.056101970048303418e+00
3.052506265664160310e+02 1.770272768294333998e+00 1.841471899365160203e+00 1.980035110153344435e+00 2.261504474689294941e+00 2.043745486459765726e+00
3.053984962406015029e+02 1.758712285995698510e+00 1.825976062577494341e+00 1.967370080203977079e+00 2.225694083520481037e+00 2.040742331018672751e+00
3.055463659147869748e+02 1.725382295316564507e+00 1.810532478542895118e+00 1.954702084297444076e+00 2.187191229533370418e+00 2.037749178698339048e+00
3.056942355889724467e+02 1.729203878762998636e+00 1.774294156673151601e+00 1.921160912683399946e+00 2.173392967706594625e+00 2.034766041900823108e+00
3.058421052631579187e+02 1.801084467741700612e+00 1.747689733982764393e+00 1.886054638364705438e+00 2.156573879278593786e+00 2.031792933835886661e+00
3.059899749373433337e+02 1.801052382066862689e+00 1.748814599959632066e+00 1.869221026253599316e+00 2.138719091207826661e+00 2.013914739361039263e+00
3.061378446115288057e+02 1.792037528507731015e+00 1.753045923938730377e+00 1.857167401657118688e+00 2.120914781468856258e+00 1.945002188840373680e+00
3.062857142857142776e+02 1.772508189920999344e+00 1.757257155064075205e+00 1.847400438877891515e+00 2.101342230981546155e+00 1.928587524394228980e+00
3.064335839598997495e+02 1.724216590984204212e+00 1.761448029398447357e+00 1.838311999675234398e+00 2.074748295685389099e+00 1.912215764055678502e+00
3.065814536340852214e+02 1.713342177006496048e+00 1.746421615661875704e+00 1.829257979574424597e+00 2.072854487061269513e+00 1.895886770153688339e+00
3.067293233082706934e+02 1.718860860561059578e+00 1.677193337843319920e+00 1.811087598082260497e+00 2.066386957063184315e+00 1.879600406348398423e+00
3.068771929824561653e+02 1.721687298812968780e+00 1.613040126580971512e+00 1.791251003050685631e+00 2.046284627149771218e+00 1.856463988086693107e+00
3.070250626566415804e+02 1.709502198785083138e+00 1.603875074029079473e+00 1.764885156043090486e+00 2.026236158304388635e+00 1.824107718438673809e+00
3.071729323308270523e+02 1.697333556441161795e+00 1.594839171724449223e+00 1.730208434914211502e+00 2.006241202109977362e+00 1.792449221716064356e+00
3.073208020050125242e+02 1.676055448990030339e+00 1.585931675870186019e+00 1.723003718161236542e+00 1.980721957711169878e+00 1.775622317435913811e+00
3.074686716791979961e+02 1.648195346389233151e+00 1.580283521592718676e+00 1.715812580606860038e+00 1.947896348357080809e+00 1.758861037699714691e+00
3.076165413533834680e+02 1.624132066055095525e+00 1.600062432393673406e+00 1.702751957142969008e+00 1.918518556566994659e+00 1.742146241581908006e+00
3.077644110275689400e+02 1.607745103759421035e+00 1.601146816440014886e+00 1.684216319473174961e+00 1.902320109208402776e+00 1.725477484724361688e+00
3.079122807017544119e+02 1.593457540880126144e+00 1.589390469971950548e+00 1.668154416467714451e+00 1.897401208201812794e+00 1.707564703275622264e+00
3.080601503759398270e+02 1.581363975782238862e+00 1.577419849985321587e+00 1.659252799545178680e+00 1.897033920833153919e+00 1.690264033328586546e+00
3.082080200501252989e+02 1.569311108906185082e+00 1.565482088527488713e+00 1.651222133404372183e+00 1.896717181026304822e+00 1.677313291371501425e+00
3.083558897243107708e+02 1.553960111550795720e+00 1.553577089060293348e+00 1.644114169346930554e+00 1.876730653511532898e+00 1.669439104953525765e+00
3.085037593984962427e+02 1.517566197501036607e+00 1.541704756246277785e+00 1.637066275446262376e+00 1.849548056844686039e+00 1.661597500184579523e+00
3.086516290726817147e+02 1.523969250070350556e+00 1.564066624429253816e+00 1.629792258005825278e+00 1.822405162750625696e+00 1.653788324488527195e+00
3.087994987468671866e+02 1.619008504924673408e+00 1.564512356137584215e+00 1.600698532465602453e+00 1.802775110268342251e+00 1.646011427529580073e+00
3.089473684210526017e+02 1.623937529349670283e+00 1.568864395727551431e+00 1.586793095787884633e+00 1.781020108135522362e+00 1.620590871360243490e+00
3.090952380952380736e+02 1.611457899619522349e+00 1.564501896120054747e+00 1.625026998558228408e+00 1.759369958549505064e+00 1.590100220083689120e+00
3.092431077694235455e+02 1.595675507705843099e+00 1.560069409476889435e+00 1.633151065022882431e+00 1.737824961909005816e+00 1.575062330650784714e+00
3.093909774436090174e+02 1.564538095369559345e+00 1.555565910209862901e+00 1.624341807722149422e+00 1.716383571356706605e+00 1.569867294431174232e+00
3.095388471177944893e+02 1.542380108308176956e+00 1.548178493114573895e+00 1.614309886644477166e+00 1.694977042984144866e+00 1.564693639461580910e+00
3.096867167919799613e+02 1.567494950644166885e+00 1.516531533204836357e+00 1.594722761574860925e+00 1.729074312707830963e+00 1.559541421910814796e+00
3.098345864661654332e+02 1.590550334324972281e+00 1.483119147248828984e+00 1.572614532937462561e+00 1.712180299802463335e+00 1.552192192148788896e+00
3.099824561403509051e+02 1.571740642364143348e+00 1.484650108727925355e+00 1.545533780814912772e+00 1.695347151154644516e+00 1.533786090540471658e+00
3.101303258145363202e+02 1.553031110110011159e+00 1.487527251753770763e+00 1.519045177655196754e+00 1.678574580874633515e+00 1.526585090579957837e+00
3.102781954887217921e+02 1.534420924972393019e+00 1.490440121921192906e+00 1.518817586705104805e+00 1.657708927756553319e+00 1.522219324747190461e+00
3.104260651629072640e+02 1.505748083645383817e+00 1.493389277753532918e+00 1.520318397396130061e+00 1.629445599210264328e+00 1.517838375113613303e+00
3.105739348370927360e+02 1.481100160363417739e+00 1.479388710909586013e+00 1.521813783392793606e+00 1.643130528360523535e+00 1.513441830659330245e+00
3.107218045112782079e+02 1.470898061187809525e+00 1.438816062616061320e+00 1.489011064158898501e+00 1.678450280007990791e+00 1.509029271825234941e+00
3.108696741854636798e+02 1.466576717190730461e+00 1.411765146222893730e+00 1.486061361339828357e+00 1.678178836165280519e+00 1.494186823193535796e+00
3.110175438596490949e+02 1.472846363380393875e+00 1.403914044742027967e+00 1.476224313738969007e+00 1.658273796043197468e+00 1.456300659562281385e+00
3.111654135338345668e+02 1.479099540248945521e+00 1.396026459275621301e+00 1.468862165965880706e+00 1.638428042976171062e+00 1.425220096920176927e+00
3.113132832080200387e+02 1.473283559501920914e+00 1.388102017389911236e+00 1.466060540493031139e+00 1.614420221894706575e+00 1.423425619819849386e+00
3.114611528822055107e+02 1.464350034180470272e+00 1.380140342808212406e+00 1.463234027742862375e+00 1.591151411260461446e+00 1.421657471024754482e+00
3.116090225563909826e+02 1.454468884279567664e+00 1.359351796535353207e+00 1.451543668036725521e+00 1.589415903312530354e+00 1.419915799304986459e+00
3.117568922305764545e+02 1.448838283930379500e+00 1.388349807126112223e+00 1.436381976625974888e+00 1.592095851664887762e+00 1.418200759046087445e+00
3.119047619047619264e+02 1.443721409354466578e+00 1.404456102972837073e+00 1.450092859743433271e+00 1.585045169765719741e+00 1.407538753427321376e+00
3.120526315789473415e+02 1.438839159636946530e+00 1.405590899639302060e+00 1.475841032159888266e+00 1.577883968389713454e+00 1.393616444899616891e+00
3.122005012531328134e+02 1.433978435443054478e+00 1.406726127917785618e+00 1.480145605353770044e+00 1.570743065767952862e+00 1.383897408441223220e+00
3.123483709273182853e+02 1.422471497024482279e+00 1.407861786842651730e+00 1.467466376959143393e+00 1.555982360072328596e+00 1.375107270512091251e+00
3.124962406015037573e+02 1.415207408230038766e+00 1.409079384890200348e+00 1.454863615903377205e+00 1.531018666952444152e+00 1.366336951493414942e+00
3.126441102756892292e+02 1.424117272453030214e+00 1.384880868625725459e+00 1.436339947255868221e+00 1.502448767963386000e+00 1.357586316159915762e+00
3.127919799498747011e+02 1.433102179720807889e+00 1.360783700148095132e+00 1.421338267710774650e+00 1.482439854815546187e+00 1.348621776863130561e+00
3.129398496240601730e+02 1.435839778679357526e+00 1.373139505082992207e+00 1.441270499766778013e+00 1.477999150201338541e+00 1.360722295902808243e+00
3.130877192982455881e+02 1.438292365060235056e+00 1.390551795812365210e+00 1.443274016334162635e+00 1.473560449437328668e+00 1.358800346017680294e+00
3.132355889724310600e+02 1.437811352494498873e+00 1.407979604572921151e+00 1.438895518739076396e+00 1.469123675892244352e+00 1.352986349764979446e+00
3.133834586466165320e+02 1.431654323809165241e+00 1.425423223461041555e+00 1.434533768948478283e+00 1.456367109262670878e+00 1.348227669785879712e+00
3.135313283208020039e+02 1.422118533281517383e+00 1.419517269686572991e+00 1.425595114348461978e+00 1.452602612614686040e+00 1.343495280689026572e+00
3.136791979949874758e+02 1.413965396536129404e+00 1.368954019541400280e+00 1.406640007692016470e+00 1.475780557377182944e+00 1.338789081322331542e+00
3.138270676691729477e+02 1.409424358847263026e+00 1.326571724439213673e+00 1.400897671944394629e+00 1.482614781177986618e+00 1.331726850023606801e+00
3.139749373433584196e+02 1.414400052449823697e+00 1.331597539412343378e+00 1.393709876166917550e+00 1.474078284417408513e+00 1.310950339348790461e+00
3.141228070175438347e+02 1.419376299756631488e+00 1.336610991709109353e+00 1.387226030943889965e+00 1.465558424536798299e+00 1.290525954728316327e+00
3.142706766917293066e+02 1.413659803980376051e+00 1.341612076418385424e+00 1.380739957335778811e+00 1.448794187100471031e+00 1.290038666063251238e+00
3.144185463659147786e+02 1.403337317333660073e+00 1.346600788626841183e+00 1.374251657750930722e+00 1.426261918164688947e+00 1.289542936379477034e+00
3.145664160401002505e+02 1.390428894449681430e+00 1.330052155274664916e+00 1.359437723208403836e+00 1.444290329674617901e+00 1.289038776180694734e+00
3.147142857142857224e+02 1.381514334747137918e+00 1.303341738192528521e+00 1.338667148483827507e+00 1.470630073714911834e+00 1.288231331243652855e+00
3.148621553884711943e+02 1.377129544371769487e+00 1.302435378384036557e+00 1.338032644096847745e+00 1.469282253172610853e+00 1.286819310956538231e+00
3.150100250626566094e+02 1.375889182493077012e+00 1.302458870412527947e+00 1.347611249546655232e+00 1.462419650057140919e+00 1.286134337220560031e+00
3.151578947368420813e+02 1.374606492823115866e+00 1.302475382059677722e+00 1.343315361452308343e+00 1.455575501231711977e+00 1.285953205224022566e+00
3.153057644110275533e+02 1.351628267389117122e+00 1.302484879977956700e+00 1.339045219957712751e+00 1.439159362333296110e+00 1.285113565473444686e+00
3.154536340852130252e+02 1.342292143297762141e+00 1.302487330646586727e+00 1.334800611233646350e+00 1.414488699518375858e+00 1.284272379523128782e+00
3.156015037593984971e+02 1.355699837119053841e+00 1.301691345671277311e+00 1.329573343454411027e+00 1.385577610559180162e+00 1.283429641585989822e+00
3.157493734335839690e+02 1.354476283905862166e+00 1.298542689372099712e+00 1.312810762383589847e+00 1.387828173146240296e+00 1.278539782312115625e+00
3.158972431077694409e+02 1.346593405865245119e+00 1.298191035441540908e+00 1.336921180073756599e+00 1.391865168807885356e+00 1.281797681220666396e+00
3.160451127819549129e+02 1.338713574044633203e+00 1.301815895681340152e+00 1.366145358711669866e+00 1.395906383242306648e+00 1.277532593193866362e+00
3.161929824561403279e+02 1.328281379919687755e+00 1.305439800271374740e+00 1.365528915351069683e+00 1.398074188370937110e+00 1.268628497153167611e+00
3.163408521303257999e+02 1.310435485420269552e+00 1.309062757147550604e+00 1.356054920196277713e+00 1.389732381650246484e+00 1.261329944724688401e+00
3.164887218045112718e+02 1.313520119260644048e+00 1.309360635848095811e+00 1.341559980990587819e+00 1.368980623221609960e+00 1.254053888365539215e+00
3.166365914786967437e+02 1.330281153033323172e+00 1.296154697218331320e+00 1.312394021367330854e+00 1.355015875234087286e+00 1.246800190548244869e+00
3.167844611528822156e+02 1.345004217400079360e+00 1.281445022167689629e+00 1.303446254334148291e+00 1.347978204270561697e+00 1.243183757437761328e+00
3.169323308270676876e+02 1.349615065088442201e+00 1.284282363371946234e+00 1.307962280131123922e+00 1.349488561562385502e+00 1.274968258305690938e+00
3.170802005012531026e+02 1.354213556170003052e+00 1.287049498320675500e+00 1.312811706949360779e+00 1.350992243194272691e+00 1.307455003714687702e+00
3.172280701754385746e+02 1.348706734791293549e+00 1.289746970227282130e+00 1.320753913526233614e+00 1.345035900340260548e+00 1.294412078490436713e+00
3.173759398496240465e+02 1.337284206508468465e+00 1.292330248562259420e+00 1.328657619690790215e+00 1.330081231729359326e+00 1.280828848428811062e+00
3.175238095238095184e+02 1.331737124885020274e+00 1.269601247983760839e+00 1.330528771005545119e+00 1.337310987326759015e+00 1.267292916227771293e+00
3.176716791979949903e+02 1.317763725755168203e+00 1.237815019720135634e+00 1.325975071470979039e+00 1.357112798338004467e+00 1.253804087712315551e+00
3.178195488721804622e+02 1.313843470345058551e+00 1.242311093948083256e+00 1.297779879890332833e+00 1.353809687707426601e+00 1.236513983977538089e+00
3.179674185463659342e+02 1.324343775114664057e+00 1.255149575343133428e+00 1.260055953083611513e+00 1.343701593325866028e+00 1.229758600969672377e+00
3.181152882205514061e+02 1.334807489747541487e+00 1.268024937901920612e+00 1.237071958853296350e+00 1.331931736094855490e+00 1.236716496755919659e+00
3.182631578947368212e+02 1.339316909685036583e+00 1.280937280981738313e+00 1.235699204072756574e+00 1.314764881401677910e+00 1.240925874733095569e+00
3.184110275689222931e+02 1.332827236179166874e+00 1.293886704838596469e+00 1.234334005168380433e+00 1.303974179838855996e+00 1.245118491260003069e+00
3.185588972431077650e+02 1.314561832982076295e+00 1.263549393207941351e+00 1.232976304071793594e+00 1.316044876505057637e+00 1.249294399893154495e+00
3.187067669172932369e+02 1.296255300490000373e+00 1.225657598463192777e+00 1.218346691815980654e+00 1.331057963616308681e+00 1.247430211062802607e+00
3.188546365914787089e+02 1.298981854329955166e+00 1.216343828105814318e+00 1.213814284703561786e+00 1.331287771950274479e+00 1.224399078954566678e+00
3.190025062656641808e+02 1.307608503609706263e+00 1.219320095827301165e+00 1.237516164643607697e+00 1.331517149283098167e+00 1.205211335455988575e+00
3.191503759398495959e+02 1.314938242922587763e+00 1.222284958930123233e+00 1.240061179498173960e+00 1.331746096918317246e+00 1.197228079545259449e+00
3.192982456140350678e+02 1.315125559998401750e+00 1.225238487589421998e+00 1.232367801230584758e+00 1.327477220354244869e+00 1.191046423921904740e+00
3.194461152882205397e+02 1.308352841346475781e+00 1.225489426428410633e+00 1.223383742028623100e+00 1.293549290269972341e+00 1.184882303184382257e+00
3.195939849624060116e+02 1.289144392483271284e+00 1.211876922719206551e+00 1.205061949380664688e+00 1.264325412080650413e+00 1.178735597505758292e+00
3.197418546365914835e+02 1.271642490236754464e+00 1.199693334071389339e+00 1.188426038416863229e+00 1.251866707781221111e+00 1.175098283168372504e+00
3.198897243107769555e+02 1.273710567792551984e+00 1.207047163549920032e+00 1.186566262027443530e+00 1.265878743441926524e+00 1.200899871676710751e+00
3.200375939849624274e+02 1.275772280755724353e+00 1.216153283364562743e+00 1.192788769600112708e+00 1.279883026346404717e+00 1.221815889661049814e+00
3.201854636591478993e+02 1.270329694676371579e+00 1.225263125973002909e+00 1.199494040337332423e+00 1.288206330469222838e+00 1.213170901826114756e+00
3.203333333333333144e+02 1.258324766371025749e+00 1.234376668366125696e+00 1.206208230417705085e+00 1.286663640193329794e+00 1.200674637825491775e+00
3.204812030075187863e+02 1.250723240071667464e+00 1.224747526852990598e+00 1.202786666713751229e+00 1.254043398885277494e+00 1.188217597975705475e+00
3.206290726817042582e+02 1.260989595354464310e+00 1.187640582529759348e+00 1.180703192737252216e+00 1.221905739246595068e+00 1.175799610802436890e+00
3.207769423558897302e+02 1.272219849236453149e+00 1.171206810975655266e+00 1.183917746119544478e+00 1.217881636684233104e+00 1.170960115384566569e+00
3.209248120300752021e+02 1.279697650844227486e+00 1.171467953977445076e+00 1.186820817341488699e+00 1.229270509530480116e+00 1.181469293357977346e+00
3.210726817042606740e+02 1.287165027827775532e+00 1.174706072401877410e+00 1.188483218044487977e+00 1.240635181606320137e+00 1.189980585073374453e+00
3.212205513784460891e+02 1.276489418035376078e+00 1.177951115788686387e+00 1.190146799041325698e+00 1.251975728616290473e+00 1.190862860371060705e+00
3.213684210526315610e+02 1.269381506331247689e+00 1.178455297689466663e+00 1.191811562490345366e+00 1.249446112708194390e+00 1.191743798291144962e+00
3.215162907268170329e+02 1.274728082587054390e+00 1.167178130299570293e+00 1.187282208178309872e+00 1.241253204010045241e+00 1.192623401903095459e+00
3.216641604010025048e+02 1.249175362905468711e+00 1.155916793914413709e+00 1.180511552471315673e+00 1.242992791176304790e+00 1.193501674266854939e+00
3.218120300751879768e+02 1.243050338387701625e+00 1.152678878662791062e+00 1.165489294670030374e+00 1.245776717947522538e+00 1.174902386136524202e+00
3.219598997493734487e+02 1.249651830109636430e+00 1.157870283265490574e+00 1.150386030536135085e+00 1.248556736289080593e+00 1.151104321475629799e+00
3.221077694235589206e+02 1.255406281435282212e+00 1.163670175121683137e+00 1.144282292434009252e+00 1.251332852721317890e+00 1.148194701463389089e+00
3.222556390977443357e+02 1.255174725924996348e+00 1.169613068406572198e+00 1.143374838188390585e+00 1.242756710665767095e+00 1.148403151506499631e+00
3.224035087719298076e+02 1.252218273041813212e+00 1.175530840107914976e+00 1.142469803715884691e+00 1.238953498750181348e+00 1.148611237842504629e+00
3.225513784461152795e+02 1.233363811655525000e+00 1.163828606048388004e+00 1.136714383651433957e+00 1.254103668658456572e+00 1.148818961354286738e+00
3.226992481203007515e+02 1.215298860065723296e+00 1.151482420704853293e+00 1.126272141411271743e+00 1.268328097909528829e+00 1.148879073005939500e+00
3.228471177944862234e+02 1.211222704241585069e+00 1.162684369056607769e+00 1.132781947516794840e+00 1.269565063985142350e+00 1.135948970157214966e+00
3.229949874686716953e+02 1.208123025613205614e+00 1.161936791050599105e+00 1.139381422676988276e+00 1.270808104946367978e+00 1.122435169631013530e+00
3.231428571428571104e+02 1.205025252428165272e+00 1.161183373763821747e+00 1.140435080327243167e+00 1.267241293184673490e+00 1.122268757347296697e+00
3.232907268170425823e+02 1.192000990532045224e+00 1.160424127526094473e+00 1.140963178257066835e+00 1.251292319298088263e+00 1.125295923667696485e+00
3.234385964912280542e+02 1.175133112399441737e+00 1.154596001925800808e+00 1.138299954295248773e+00 1.213191721495637809e+00 1.128315792800845818e+00
3.235864661654135261e+02 1.171926434773629122e+00 1.136436701172173214e+00 1.126845752787474231e+00 1.177456804395395240e+00 1.131328390298339537e+00
3.237343358395989981e+02 1.170277440468595831e+00 1.185099674170434714e+00 1.117052021791665295e+00 1.168033366631625158e+00 1.130980597106111762e+00
3.238822055137844700e+02 1.171707042376776586e+00 1.179905279293307352e+00 1.116890835306151075e+00 1.176657638667444328e+00 1.127861184996298505e+00
3.240300751879699419e+02 1.173132838564875158e+00 1.174717415364181949e+00 1.117425621953911374e+00 1.185272283427597495e+00 1.136251796126801938e+00
3.241779448621554138e+02 1.174554844402725173e+00 1.169536035288100129e+00 1.121448749434036607e+00 1.187699529427105771e+00 1.133774750435192047e+00
3.243258145363408289e+02 1.161844568475180139e+00 1.164089809126498620e+00 1.125458049039309794e+00 1.183169308550711563e+00 1.131305437405230263e+00
3.244736842105263008e+02 1.167478629869092011e+00 1.147267064411384041e+00 1.122944416524837230e+00 1.165744705047184082e+00 1.128843820721653790e+00
3.246215538847117728e+02 1.174763208360520839e+00 1.124093011147307530e+00 1.116392633534190271e+00 1.155832534052595451e+00 1.125425292538523303e+00
3.247694235588972447e+02 1.178021775069381771e+00 1.116110706641101791e+00 1.109217051433293300e+00 1.160776161095598669e+00 1.118692117829234167e+00
3.249172932330827166e+02 1.178474146467447969e+00 1.125583190334099148e+00 1.104943086285327558e+00 1.167371666313599565e+00 1.112309069146871998e+00
3.250651629072681885e+02 1.178927883949508315e+00 1.135016280177443271e+00 1.108208485632921070e+00 1.173959432985957063e+00 1.109006021034943279e+00
3.252130325814536036e+02 1.170897684179293297e+00 1.144410163643929890e+00 1.118948004425740272e+00 1.165644658320627025e+00 1.109322044928552353e+00
3.253609022556390755e+02 1.162613396154238865e+00 1.153160398436943179e+00 1.129662507951735728e+00 1.163327616439231438e+00 1.109636435096736040e+00
3.255087719298245474e+02 1.163157422837680421e+00 1.117306788597602241e+00 1.128588224727604006e+00 1.169126595127225388e+00 1.109949202673744306e+00
3.256566416040100194e+02 1.165137395379858942e+00 1.088094461686897496e+00 1.126066589614729940e+00 1.169581215700719712e+00 1.110260358697471750e+00
3.258045112781954913e+02 1.173990627201425552e+00 1.087741267433385062e+00 1.107324445841658900e+00 1.169944256247387848e+00 1.104580894995973006e+00
3.259523809523809632e+02 1.183924218978213094e+00 1.091779284342967449e+00 1.089827509319578835e+00 1.170307077961137754e+00 1.083127578229886590e+00
3.261002506265664351e+02 1.188723027723217918e+00 1.095813391144886850e+00 1.091032203434995074e+00 1.169448360161896572e+00 1.078476220332532431e+00
3.262481203007519071e+02 1.179300345384155513e+00 1.099843585919878075e+00 1.095574843924647102e+00 1.158555466120679611e+00 1.082013183758776309e+00
3.263959899749373221e+02 1.175108242429842242e+00 1.106428884176221761e+00 1.085123154819251479e+00 1.147691283155530817e+00 1.085541945044964818e+00
3.265438596491227941e+02 1.149696083229529986e+00 1.120096439617138451e+00 1.068407876910784982e+00 1.147565041894501592e+00 1.089062533259938181e+00
3.266917293233082660e+02 1.130366092487931962e+00 1.143840930624049790e+00 1.069086029961430429e+00 1.149096575563557154e+00 1.088949384701797918e+00
3.268395989974937379e+02 1.137082641498825986e+00 1.134236876364679514e+00 1.071954413510327386e+00 1.152355485652733380e+00 1.068996054381197380e+00
3.269874686716792098e+02 1.143780338911208672e+00 1.124706752606246640e+00 1.074223962245719033e+00 1.155565013450506440e+00 1.049857538679029645e+00
3.271353383458646817e+02 1.144657929855138923e+00 1.115249676940452295e+00 1.072978860564684833e+00 1.149352143872679921e+00 1.051138278814370386e+00
3.272832080200500968e+02 1.140466813627160958e+00 1.105864780861502972e+00 1.071656381433212957e+00 1.143181503636359286e+00 1.052784797284472385e+00
3.274310776942355687e+02 1.140429045693916343e+00 1.098724300080626382e+00 1.063386194235126592e+00 1.138809890598821539e+00 1.054429986669351837e+00
3.275789473684210407e+02 1.139301458353955576e+00 1.091731094972773208e+00 1.055131760450602307e+00 1.138057969709453721e+00 1.056073848720849195e+00
3.277268170426065126e+02 1.137225741287234859e+00 1.089965011426508035e+00 1.056109060349736950e+00 1.134860530820944735e+00 1.052855944905767061e+00
3.278746867167919845e+02 1.136077780334598053e+00 1.099999447926096607e+00 1.068342455343415542e+00 1.131659689866835405e+00 1.045229652532091436e+00
3.280225563909774564e+02 1.134933001380742379e+00 1.110046540345094757e+00 1.077510166942730718e+00 1.128455455283532416e+00 1.047035615957337296e+00
3.281704260651629284e+02 1.133791391470263088e+00 1.120106222692049514e+00 1.081678799559686155e+00 1.115832629443532342e+00 1.051657199327243442e+00
3.283182957393484003e+02 1.118040416176793839e+00 1.115387192545657546e+00 1.085846733173454037e+00 1.101989979976279344e+00 1.056275175411121481e+00
3.284661654135338154e+02 1.124002518382675175e+00 1.092535682080967296e+00 1.076913869053591100e+00 1.103837487025945530e+00 1.060889567558297442e+00
3.286140350877192873e+02 1.134750930213225262e+00 1.042698094827535726e+00 1.064828015222388125e+00 1.110968727776926235e+00 1.065500398980566699e+00
3.287619047619047592e+02 1.134048439716268009e+00 1.026949884088510734e+00 1.063322184999121900e+00 1.115495779647464270e+00 1.065400498522528272e+00
3.289097744360902311e+02 1.128912843510606612e+00 1.030559273666876052e+00 1.066394464255206120e+00 1.120024370845743800e+00 1.064137744660269114e+00
3.290576441102757030e+02 1.121082935356827681e+00 1.034165806852451519e+00 1.068790283939075048e+00 1.124017715656823180e+00 1.062936475933129010e+00
3.292055137844611750e+02 1.101411551614377426e+00 1.037769498287210324e+00 1.070903338961453732e+00 1.106271400999075283e+00 1.060637613402403812e+00
3.293533834586465900e+02 1.082170988122419741e+00 1.039919664675940547e+00 1.070253634207623206e+00 1.100420763054191120e+00 1.058343125495854631e+00
3.295012531328320620e+02 1.061719489332488831e+00 1.044667044609720596e+00 1.055098814649727768e+00 1.098091489651414010e+00 1.056053000805462050e+00
3.296491228070175339e+02 1.021412726655530623e+00 1.082257103992191327e+00 1.037640591623096631e+00 1.096737903072751319e+00 1.053658646621889350e+00
3.297969924812030058e+02 1.029091425048816122e+00 1.073116295844331658e+00 1.019624818531498667e+00 1.097337236113340886e+00 1.036966306976286223e+00
3.299448621553884777e+02 1.036760694182868647e+00 1.066594262724478437e+00 1.019136813112552664e+00 1.097932084726518598e+00 1.019614518441116058e+00
3.300927318295739497e+02 1.038749645177412084e+00 1.060044556918873893e+00 1.023732027688836643e+00 1.096073098273052215e+00 1.018513755605788607e+00
3.302406015037594216e+02 1.036300518395672610e+00 1.053467109840366289e+00 1.028335040161389102e+00 1.089313843080039090e+00 1.019222806479947119e+00
3.303884711779448367e+02 1.029314280787664515e+00 1.060822622517241021e+00 1.032945878420820751e+00 1.083837559802173445e+00 1.019928389718704587e+00
3.305363408521303086e+02 1.011557967453428297e+00 1.075746149676227281e+00 1.028172656245839311e+00 1.085026681087930100e+00 1.020630501804281165e+00
3.306842105263157805e+02 1.000569619207878125e+00 1.082059639828541586e+00 1.023472218337182493e+00 1.087230214074152990e+00 1.022402320529294917e+00
3.308320802005012524e+02 1.002342560026398433e+00 1.079510926939384552e+00 1.032423490716189551e+00 1.089955304211305931e+00 1.028717081354730833e+00
3.309799498746867243e+02 1.004109693871418463e+00 1.076963237329981560e+00 1.036120067473476514e+00 1.092682476779474277e+00 1.026237776425771520e+00
3.311278195488721963e+02 9.925728754427856071e-01 1.074416564569501409e+00 1.039823736168109525e+00 1.095411735023402056e+00 1.027749590949042835e+00
3.312756892230576113e+02 9.951673563304659353e-01 1.071870902219342225e+00 1.043534514233026567e+00 1.072661891344302676e+00 1.029266788062824789e+00
3.314235588972430833e+02 1.008251210223317651e+00 1.053936200100474840e+00 1.037680257370048320e+00 1.055938846971368861e+00 1.030789383193406739e+00
3.315714285714285552e+02 1.023738955688252794e+00 1.028109022739294609e+00 1.028102998727561834e+00 1.039313139227356908e+00 1.032317391872126455e+00
3.317192982456140271e+02 1.026398618706553023e+00 1.016955993917409096e+00 1.033321051489262565e+00 1.038422861794040308e+00 1.038785930268966151e+00
3.318671679197994990e+02 1.023028910831364380e+00 1.016529054517367303e+00 1.044625208073448608e+00 1.037531498176948785e+00 1.039137214116575114e+00
3.320150375939849710e+02 1.019655266684026840e+00 1.016101818643874388e+00 1.048785056101226409e+00 1.036639045376939183e+00 1.038192671992794747e+00
3.321629072681704429e+02 1.010037727692564058e+00 1.015674285942918420e+00 1.047632641308497758e+00 1.024743566958242980e+00 1.033793899459925614e+00
3.323107769423559148e+02 1.004938720904371197e+00 1.015553750931541099e+00 1.046477317185018574e+00 1.012937750275469728e+00 1.029397691324394071e+00
3.324586466165413299e+02 1.027805904194941888e+00 1.010761374641713006e+00 1.042361524103302628e+00 1.012054299043790406e+00 1.025004053478606458e+00
3.326065162907268018e+02 1.050812943586632020e+00 9.978179331609584590e-01 1.036144553173346194e+00 1.014575015495452259e+00 1.020295125910148926e+00
3.327543859649122737e+02 1.049314495619794840e+00 9.998182988562477336e-01 1.005454421346923644e+00 1.021516106880776098e+00 1.024958775115147214e+00
3.329022556390977456e+02 1.047557349600425791e+00 1.001815346901993253e+00 9.964907630736818955e-01 1.028454292524981550e+00 1.038686915918350717e+00
3.330501253132832176e+02 1.040786457736369464e+00 1.003813628636879951e+00 9.972561294219517425e-01 1.035389589145346179e+00 1.036259737446528328e+00
3.331979949874686895e+02 1.027370256202298382e+00 1.005813153270660010e+00 9.980224364347992649e-01 1.035195539767561623e+00 1.028745592865863534e+00
3.333458646616541046e+02 1.013604951565190371e+00 1.003863673127754597e+00 9.968985392319911210e-01 1.037029215498311618e+00 1.021221059761700189e+00
3.334937343358395765e+02 1.006304879036610256e+00 1.010810636137367213e+00 9.900121702591516692e-01 1.042986964152579965e+00 1.013686133087769781e+00
3.336416040100250484e+02 1.007539502735880221e+00 1.001399646116327258e+00 9.899903529990855544e-01 1.037627370728290588e+00 1.023629935151293191e+00
3.337894736842105203e+02 1.008791878676021048e+00 1.007508317230596306e+00 1.009438307720363470e+00 1.032271380768360336e+00 1.042075443901124610e+00
3.339373433583959923e+02 1.010061963577657762e+00 1.013641860157472374e+00 1.025297905786326291e+00 1.026918989279228533e+00 1.037471573225859256e+00
3.340852130325814642e+02 1.006852344138097877e+00 1.019800435181363207e+00 1.024358365122079562e+00 1.017664685685587322e+00 1.032861394737345284e+00
3.342330827067669361e+02 1.001356973500568515e+00 1.025984203919217297e+00 1.023417023942274851e+00 1.005410706210805971e+00 1.028252895153295654e+00
3.343809523809524080e+02 9.923384894939426548e-01 1.020723303955684891e+00 1.013362142489655504e+00 9.947093999647518281e-01 1.023646051130428392e+00
3.345288220551378231e+02 9.842601114857093547e-01 1.008497388166849085e+00 9.968665777861087651e-01 9.902671451692790505e-01 1.019040839256170727e+00
3.346766917293232950e+02 9.844438205793701879e-01 1.001069917951687094e+00 1.002967977332702043e+00 9.917724329162092012e-01 1.010931491030336637e+00
3.348245614035087669e+02 9.902545926911611174e-01 1.001248860009627872e+00 1.028469675744716927e+00 9.946371858299231095e-01 1.000382588860436739e+00
3.349724310776942389e+02 9.960540157966095709e-01 1.001434189141983122e+00 1.037973581862185135e+00 9.975026603336225595e-01 9.962859856347062726e-01
3.351203007518797108e+02 9.918794832250923399e-01 1.001625886858632963e+00 1.034457241674606065e+00 9.882475656762738092e-01 9.991611305584512381e-01
3.352681704260651827e+02 9.874728742253970903e-01 1.001823934874905397e+00 1.030937328360236549e+00 9.774161953352156207e-01 1.002041127261599884e+00
3.354160401002505978e+02 9.914158894925488852e-01 9.719341948789307351e-01 1.014064769469248617e+00 9.746073602643304801e-01 1.004925989027776190e+00
3.355639097744360697e+02 1.001198414756161004e+00 9.498108331181064345e-01 9.955749591618824335e-01 9.751828378421625310e-01 1.007815729190076448e+00
3.357117794486215416e+02 9.948879953511980956e-01 9.524109018782045410e-01 9.790238945729714537e-01 9.753558192067769417e-01 1.003406085836824557e+00
3.358596491228070136e+02 9.861536035752289653e-01 9.570566929678004930e-01 9.649728434345765660e-01 9.755282469643631327e-01 9.896481505861471906e-01
3.360075187969924855e+02 9.774287716479723720e-01 9.617150817847039956e-01 9.675537077957067078e-01 9.748141279713485874e-01 9.882164688819530252e-01
3.361553884711779574e+02 9.607462385036832364e-01 9.663861702114934227e-01 9.752290222625864535e-01 9.674274384798392523e-01 9.874510792344721732e-01
3.363032581453634293e+02 9.592022038503691395e-01 9.720385536496121137e-01 9.808172271280354293e-01 9.634775169467731937e-01 9.866827104805260262e-01
3.364511278195488444e+02 9.835646570814837730e-01 9.730008250858368513e-01 9.789546255588950086e-01 9.684077523687720790e-01 9.859113605224658627e-01
3.365989974937343163e+02 1.004530099210894312e+00 9.724782984208715231e-01 9.743832451849718801e-01 9.685860794128046125e-01 9.842988976129332102e-01
3.367468671679197882e+02 1.001942888472538096e+00 9.739384046810708462e-01 9.704028473261767651e-01 9.687649184298287031e-01 9.837010543453129641e-01
3.368947368421052602e+02 9.993560075930378872e-01 9.753950323058417915e-01 9.669020834898824912e-01 9.689442705866142536e-01 9.840462133537219991e-01
3.370426065162907321e+02 9.931185736046794776e-01 9.768481987792048127e-01 9.676331629129075740e-01 9.691241370533801858e-01 9.868883820753989733e-01
3.371904761904762040e+02 9.844707738364439908e-01 9.782979214361220421e-01 9.683640657415781838e-01 9.594970508640450202e-01 9.897171691776216473e-01
3.373383458646616191e+02 9.787922810051526978e-01 9.830368887369548281e-01 9.619938537267546108e-01 9.547913188906055337e-01 9.925488275320810683e-01
3.374862155388470910e+02 9.681203315213241511e-01 9.890137115509917143e-01 9.474137044209189895e-01 9.628618293443895748e-01 9.953833669699616582e-01
3.376340852130325629e+02 9.667305541159236792e-01 9.926119123361016872e-01 9.513533066069764788e-01 9.699875742935862855e-01 9.976311109759659068e-01
3.377819548872180349e+02 9.783128586729721299e-01 9.976607790147049570e-01 9.748543306530725872e-01 9.768680371964522102e-01 9.916416272817978328e-01
3.379298245614035068e+02 9.899155733928377554e-01 1.002720210446224502e+00 9.909485884395713429e-01 9.837425635744980745e-01 9.845340650013931771e-01
3.380776942355889787e+02 9.880404404167628662e-01 1.007790228563115509e+00 9.937604469406238206e-01 9.815541888425479700e-01 9.810372739073778270e-01
3.382255639097744506e+02 9.918227876684063693e-01 1.012870855367575373e+00 9.965814697847883430e-01 9.729393528334530084e-01 9.775429528823911252e-01
3.383734335839599225e+02 1.000787516419827217e+00 9.979875761924027477e-01 9.845046575511787745e-01 9.569669867860920442e-01 9.740511000460443380e-01
3.385213032581453376e+02 1.009723424212421339e+00 9.460751734804975221e-01 9.750174074932200785e-01 9.455550371781138441e-01 9.705617135203865598e-01
3.386691729323308095e+02 1.013838819715944473e+00 9.402553074331176930e-01 9.725424222563661125e-01 9.474597144222657308e-01 9.609615734442156221e-01
3.388170426065162815e+02 1.002178012247382677e+00 9.496515967680662085e-01 9.646992326300269927e-01 9.493656084227893865e-01 9.491949902076357581e-01
3.389649122807017534e+02 9.887976647574824307e-01 9.590538371244416993e-01 9.695331191468685716e-01 9.507513656622598175e-01 9.454052471536831259e-01
3.391127819548872253e+02 9.682671652068739476e-01 9.684620872836445793e-01 9.743730767034753937e-01 9.438426162810256148e-01 9.457153315406100491e-01
3.392606516290726972e+02 9.478945644089488143e-01 9.769149988119896211e-01 9.787762884626136639e-01 9.315347784934109310e-01 9.460267319647803763e-01
3.394085213032581123e+02 9.717353931609705731e-01 9.638442096026175188e-01 9.770068942323858474e-01 9.227070268594137481e-01 9.463394544198442393e-01
3.395563909774435842e+02 9.841038544938621735e-01 9.418490741755315421e-01 9.705601651024682308e-01 9.256719020967749678e-01 9.420519121985329036e-01
3.397042606516290562e+02 9.856268903017313399e-01 9.456740308026159170e-01 9.566583471066411049e-01 9.286391534442000051e-01 9.268914232331805225e-01
3.398521303258145281e+02 9.871496096027602141e-01 9.506579208235478307e-01 9.427289895922644769e-01 9.316087837881046330e-01 9.074935751635702097e-01
3.400000000000000000e+02 9.885489266108257178e-01 9.555246673577915129e-01 9.574560675449419467e-01 9.340683523364310403e-01 9.025573895875862451e-01
