2.810000000000000000e+02 -4.737406108675368266e-02 1.257185338148920917e-02 -7.701571753263061759e-02 -7.370197900450631799e-03 -3.038002750684322059e-02
2.811478696741854719e+02 -5.636537016465462818e-02 1.432804374977750782e-02 -5.029271361394577200e-02 -1.053786197424273069e-02 -2.855287682630874499e-02
2.812957393483709438e+02 -3.429929663525881772e-02 -5.291626089351028628e-02 -2.371825055764149523e-02 -1.077133687735150856e-02 -2.545278331423886375e-02
2.814436090225564158e+02 6.453749235217262625e-02 -5.149949013714002349e-02 -3.533230665610178570e-03 1.818844278811391005e-02 1.163885132217093530e-03
2.815914786967418308e+02 6.250391036160911351e-02 -4.487093907433067907e-02 -9.230969027064221850e-04 1.627174903435390715e-02 3.193809718059465591e-02
2.817393483709273028e+02 4.073836167545728804e-02 -3.447939932222455345e-02 2.980101196219144336e-02 1.297867751510426229e-02 2.852834965860911662e-02
2.818872180451127747e+02 1.264843427696968510e-02 1.494357957953939588e-02 6.410522242088984024e-02 1.259864096330132709e-02 2.376150667511735606e-02
2.820350877192982466e+02 5.822719173311122209e-02 -3.381430800602035214e-02 3.147968434743584482e-02 -6.625703897369509578e-03 -2.646671310999562220e-03
2.821829573934837185e+02 -2.055520498208978850e-02 -1.134053203629748104e-02 -3.003714628203648859e-02 -3.780135098712215924e-03 2.790667408514111922e-02
2.823308270676691905e+02 5.158712824925273943e-02 6.617098129528134476e-02 -1.605868941590445423e-02 -3.587640581188187433e-02 -5.854036002225997820e-02
2.824786967418546624e+02 -4.916331004277978492e-03 2.145192638316737940e-02 -3.048088075226576890e-02 -4.905274063402111084e-02 1.717416561139191097e-02
2.826265664160400775e+02 -1.521599748422728954e-03 7.444561075024015706e-02 3.205854241175096209e-02 -3.075373615381108653e-03 -2.736351814745328903e-02
2.827744360902255494e+02 -2.391669664510275364e-02 -1.750130240050394624e-03 1.563981070519145089e-03 -7.610824087604409378e-03 1.014860020897587548e-02
2.829223057644110213e+02 -4.471607221437653990e-02 -5.384323705430758616e-05 -1.519049289682061765e-02 -3.446843615719579618e-02 -3.637755222882800565e-02
2.830701754385964932e+02 -5.157916948015638797e-02 1.752036360979570412e-02 3.199424380758920028e-04 -1.293846179891997884e-02 7.066019923733966694e-03
2.832180451127819651e+02 -3.877879261487240936e-02 1.608438939656681860e-02 5.296422735868569487e-02 3.110426894126382125e-02 2.266372059050513268e-02
2.833659147869674371e+02 1.509857322315046220e-02 -5.021405157714492473e-02 -3.637648138229985367e-02 8.010139805070634611e-03 2.154833462081454099e-02
2.835137844611529090e+02 -4.273245010514188646e-02 -4.275500773152174361e-02 5.877014269633403995e-03 -1.289015405307286644e-02 -2.147512361427186822e-02
2.836616541353383241e+02 -8.098963770786837824e-03 3.187173673996557960e-02 -5.431040968218713710e-02 4.684035059751122387e-02 -4.332561325952626399e-03
2.838095238095237960e+02 -1.467231284957387118e-02 2.596134437452031138e-02 5.899161413720471758e-02 2.071301602796848246e-02 -1.360377015421314340e-02
2.839573934837092679e+02 8.418522942974777934e-02 2.834413299495206970e-02 6.077586926766167380e-02 2.829234623351522052e-02 5.682589076427104618e-02
2.841052631578947398e+02 4.375488659736836983e-02 1.210370363004329430e-01 1.331869053059864805e-01 9.119026001190382036e-02 1.207842194393041885e-01
2.842531328320802118e+02 2.345255672583525797e-01 1.938703070065980749e-01 2.114883689473043837e-01 2.839764550003167076e-01 2.649692563453057703e-01
2.844010025062656837e+02 3.986108386031821937e-01 3.713239114475942459e-01 4.677412640818880973e-01 4.255750833594867943e-01 4.357342505782002551e-01
2.845488721804511556e+02 6.712160218270531997e-01 4.764220135953609048e-01 6.077312955111854320e-01 5.236007111520135648e-01 5.739882527353536990e-01
2.846967418546365707e+02 5.543635839337164306e-01 5.539194656250718829e-01 6.287754841946205930e-01 6.243583654685394002e-01 6.377950333811742700e-01
2.848446115288220426e+02 7.924047974940195971e-01 7.319134587383167023e-01 7.646809447136940774e-01 8.591027747461335018e-01 8.771997398906077326e-01
2.849924812030075145e+02 1.200582971947230293e+00 1.211572269347777731e+00 1.296275154299564747e+00 1.329185672807317697e+00 1.340132386272643972e+00
2.851403508771929864e+02 1.527923767314909309e+00 1.426188947956710029e+00 1.656180971572028149e+00 1.634638144332931198e+00 1.671490389375056340e+00
2.852882205513784584e+02 1.399029072155783648e+00 1.361653676160024196e+00 1.424632613518951763e+00 1.578895364125489698e+00 1.599356067041569629e+00
2.854360902255639303e+02 1.086695173725272356e+00 1.048222699634237420e+00 1.192114711872508170e+00 1.379608221536273271e+00 1.480412377598336215e+00
2.855839598997493454e+02 9.240872461737954513e-01 9.115817540056753154e-01 1.181344788657242351e+00 1.221710345155397004e+00 1.280518326155366315e+00
2.857318295739348173e+02 7.787146171740760847e-01 8.345141913489444452e-01 9.511138638022513803e-01 1.008978925463647647e+00 1.142180239214772408e+00
2.858796992481202892e+02 6.837512368503010363e-01 7.066474504201185614e-01 8.338352687476345837e-01 9.527676235082429557e-01 9.096811530625529274e-01
2.860275689223057611e+02 7.652581444882615713e-01 7.368737222706980283e-01 7.839024276414507941e-01 8.047352999553962771e-01 8.578849974453689464e-01
2.861754385964912331e+02 9.377946239703308651e-01 9.140518673226301072e-01 9.267891332427228290e-01 9.760645729129547865e-01 9.725593507914526148e-01
2.863233082706767050e+02 9.770976359978403858e-01 9.015017211482059256e-01 1.036317526445451165e+00 1.025005938766743618e+00 1.044764102278714635e+00
2.864711779448621769e+02 9.694552297314013023e-01 9.766027890928452582e-01 1.030909936023422402e+00 9.997946494078669977e-01 9.883063632366795304e-01
2.866190476190475920e+02 1.054518105710452902e+00 9.877052881255388161e-01 9.805216737575018771e-01 9.877267171065282625e-01 1.060315686930473955e+00
2.867669172932330639e+02 1.178538135212791271e+00 1.145519093931887777e+00 1.189228117707910037e+00 1.144263102725617598e+00 1.160914021765999227e+00
2.869147869674185358e+02 1.482090315026302729e+00 1.349716460527883521e+00 1.499349545309291765e+00 1.526106174625377232e+00 1.410597431842330440e+00
2.870626566416040077e+02 1.873630057384494174e+00 1.834940337714199066e+00 1.891421673883185939e+00 1.881516219591910621e+00 1.854445586082994701e+00
2.872105263157894797e+02 2.321379810740071381e+00 2.172486371175315512e+00 2.201005206026507732e+00 2.247292916197924040e+00 2.223571170268024311e+00
2.873583959899749516e+02 2.498520985902390912e+00 2.442576782659600099e+00 2.501739841248808105e+00 2.487302395017147116e+00 2.549273316136946299e+00
2.875062656641604235e+02 2.614732470404756093e+00 2.521037850765698529e+00 2.616837703863498010e+00 2.654877471752864704e+00 2.591593018169772389e+00
2.876541353383458386e+02 2.613778698352534846e+00 2.515345912583624610e+00 2.526914635140120158e+00 2.615807350909832074e+00 2.607223400621772047e+00
2.878020050125313105e+02 2.580057686642792891e+00 2.470941183731500512e+00 2.514635454450145691e+00 2.504484549872421084e+00 2.523679485495727626e+00
2.879498746867167824e+02 2.413252429593514048e+00 2.275017520576774643e+00 2.343935842531297720e+00 2.357528364145664135e+00 2.451772339778084397e+00
2.880977443609022544e+02 2.242843552805121377e+00 2.101752936705887365e+00 2.192993350365218141e+00 2.185289050324225268e+00 2.224365608283975781e+00
2.882456140350877263e+02 2.134623504004331540e+00 2.071828878395604701e+00 2.095162095026634752e+00 2.104380067174540070e+00 2.176008538422895544e+00
2.883934837092731982e+02 2.175513381977004723e+00 2.016842789050125262e+00 2.047730762083522116e+00 2.068917562658065812e+00 2.115780431991799659e+00
2.885413533834586701e+02 2.067479543367099826e+00 2.110786707552837704e+00 2.096472333552692024e+00 2.073373795611920922e+00 2.148412405323671504e+00
2.886892230576440852e+02 2.181483348556352286e+00 2.043146639859807490e+00 2.063801575375347142e+00 2.096403958911314369e+00 2.145292843732790722e+00
2.888370927318295571e+02 2.166220372070533973e+00 2.091593345645978097e+00 2.181622279227615646e+00 2.115630991765230284e+00 2.145364901311157535e+00
2.889849624060150290e+02 2.208842842939104933e+00 2.048529908556968593e+00 2.098556106036483904e+00 2.097139604356862197e+00 2.138088715144694785e+00
2.891328320802005010e+02 2.132479427880549672e+00 2.101139400945381652e+00 2.075671374354809195e+00 2.095626090860580604e+00 2.147311793654070211e+00
2.892807017543859729e+02 2.179564032746367452e+00 2.143211569206925571e+00 2.078253342298702844e+00 2.149408281417491295e+00 2.104989474975505370e+00
2.894285714285714448e+02 2.113640352901703601e+00 2.048308407968336464e+00 2.148063267994530179e+00 2.075771286647190905e+00 2.098068760920642983e+00
2.895764411027569167e+02 2.138078814928792148e+00 1.973725715260998159e+00 2.116795671946675395e+00 2.118268478877240568e+00 2.108451301985450055e+00
2.897243107769423318e+02 2.129045521432014532e+00 2.076966237055551723e+00 2.121679177005705075e+00 2.123980738097613230e+00 2.114135916516405089e+00
2.898721804511278037e+02 2.207428198467864533e+00 2.197068812272663596e+00 2.167286839873644233e+00 2.201054324259134720e+00 2.162618801578143568e+00
2.900200501253132757e+02 2.216422835787978940e+00 2.168191150016733459e+00 2.202900671020391776e+00 2.208941700627755633e+00 2.228645028078899415e+00
2.901679197994987476e+02 2.315181767277968650e+00 2.193414196031365115e+00 2.294630138301768874e+00 2.300827596202107195e+00 2.279618232422684798e+00
2.903157894736842195e+02 2.348591538729821959e+00 2.276308128047342727e+00 2.317885456865263372e+00 2.288145184327766923e+00 2.297686478968187451e+00
2.904636591478696914e+02 2.386648417796528587e+00 2.277409188133103335e+00 2.446081248256651630e+00 2.337296612439056620e+00 2.333424124618230788e+00
2.906115288220551633e+02 2.413663474912895790e+00 2.375331487595156332e+00 2.402814690824726096e+00 2.360788677038237804e+00 2.393190538682470336e+00
2.907593984962405784e+02 2.439249686792526628e+00 2.322280814200881061e+00 2.409571117118826322e+00 2.436626541381965882e+00 2.418682715678414752e+00
2.909072681704260503e+02 2.514635424140889697e+00 2.396077269469356619e+00 2.467471719648903772e+00 2.433681655414025702e+00 2.430691167600922409e+00
2.910551378446115223e+02 2.553216439350446176e+00 2.432667348394398132e+00 2.518335000629512432e+00 2.473704793500513865e+00 2.512899554712148209e+00
2.912030075187969942e+02 2.538891635731756136e+00 2.429310584913066950e+00 2.512981106389415853e+00 2.513043589502684139e+00 2.519279570113104327e+00
2.913508771929824661e+02 2.625491224631199216e+00 2.472650552177722894e+00 2.539560106948564489e+00 2.555530875554544501e+00 2.579595152173279615e+00
2.914987468671679380e+02 2.625007777503764572e+00 2.503487714025413702e+00 2.589452839094294134e+00 2.679139751782595891e+00 2.552610988557975968e+00
2.916466165413534100e+02 2.647979714182894906e+00 2.555541382273969653e+00 2.596857706030770263e+00 2.619258469828051439e+00 2.635781983200836454e+00
2.917944862155388250e+02 2.693520357171296009e+00 2.542142300416709855e+00 2.672322675186525220e+00 2.626502069700764608e+00 2.620974493357375312e+00
2.919423558897242970e+02 2.639676464982758208e+00 2.565472861861873621e+00 2.619852873683757633e+00 2.618798076650124873e+00 2.682477295976110288e+00
2.920902255639097689e+02 2.714699162902645568e+00 2.562669222454373674e+00 2.646580028432188758e+00 2.709255648575124908e+00 2.675665782906941015e+00
2.922380952380952408e+02 2.738097979604399601e+00 2.650554311708873456e+00 2.623152747768339399e+00 2.695937837839222695e+00 2.749936982045330325e+00
2.923859649122807127e+02 2.735642223543365947e+00 2.612380297530300766e+00 2.696977965002433475e+00 2.724948351355936715e+00 2.716674507161500163e+00
2.925338345864661846e+02 2.706688030653955135e+00 2.661560610562736073e+00 2.667538704481169809e+00 2.686229423306961905e+00 2.687686059479234224e+00
2.926817042606515997e+02 2.742726643933447228e+00 2.582875455497843031e+00 2.700879069541143096e+00 2.705607412864359240e+00 2.753393080519977776e+00
2.928295739348370716e+02 2.732149121828426619e+00 2.627407455158750960e+00 2.709097345322583728e+00 2.684876651845272910e+00 2.780577652981638170e+00
2.929774436090225436e+02 2.719629107471727814e+00 2.610194980664521047e+00 2.700672042617459745e+00 2.703101936165313468e+00 2.751252926236635421e+00
2.931253132832080155e+02 2.743379913933050585e+00 2.665082143369882139e+00 2.680682141396986573e+00 2.716153715677322111e+00 2.688765787201384594e+00
2.932731829573934874e+02 2.720749679230286766e+00 2.652540396108426179e+00 2.664637664981857501e+00 2.674103161159898878e+00 2.743318933987169306e+00
2.934210526315789593e+02 2.685772648418229824e+00 2.608783413113579641e+00 2.689327019549413667e+00 2.729590093245247928e+00 2.702176531722630060e+00
2.935689223057644313e+02 2.761031591784756323e+00 2.584840743538410646e+00 2.719505278954416738e+00 2.663608393178549694e+00 2.726535694816584421e+00
2.937167919799499032e+02 2.733081380479726707e+00 2.543338874895769930e+00 2.650207096310330801e+00 2.693520181265937730e+00 2.698151936865798906e+00
2.938646616541353183e+02 2.739145260484030953e+00 2.693032363840897947e+00 2.697708959506432524e+00 2.687364067177105298e+00 2.737432735707188591e+00
2.940125313283207902e+02 2.654567402078125582e+00 2.637497799516055341e+00 2.643589687995505422e+00 2.695164917204245558e+00 2.706354597356044778e+00
2.941604010025062621e+02 2.689650969094630639e+00 2.610514039804318287e+00 2.641631527157148884e+00 2.627405422329236906e+00 2.708339284905643574e+00
2.943082706766917340e+02 2.735560473235882917e+00 2.557038875006096834e+00 2.620631554321855461e+00 2.601599132405820747e+00 2.652197025150026199e+00
2.944561403508772059e+02 2.674966023703603923e+00 2.605690018343624903e+00 2.628522208860149423e+00 2.643964170101605227e+00 2.707006690027221385e+00
2.946040100250626779e+02 2.612515116420849104e+00 2.559255231936035546e+00 2.636467991362660079e+00 2.613138287727446052e+00 2.647967677103662876e+00
2.947518796992480929e+02 2.627819048118889000e+00 2.588014336399003579e+00 2.608582860204335052e+00 2.572845445012246657e+00 2.608315646095194396e+00
2.948997493734335649e+02 2.730959838753287627e+00 2.513674821984436036e+00 2.624574191056185946e+00 2.637569759869102803e+00 2.630025264033658772e+00
2.950476190476190368e+02 2.620396027739248179e+00 2.564920330928706527e+00 2.544942629239305809e+00 2.560233982630222727e+00 2.653674698913124352e+00
2.951954887218045087e+02 2.608525076200314263e+00 2.520099647011474264e+00 2.601164447840858429e+00 2.550214836724873368e+00 2.588465054185927094e+00
2.953433583959899806e+02 2.546488643428069576e+00 2.571718805267341867e+00 2.560779388958583258e+00 2.517971734594357081e+00 2.570915567877791297e+00
2.954912280701754526e+02 2.618929745500986783e+00 2.408007750544011838e+00 2.498720711666602146e+00 2.503397156805803547e+00 2.583945305749820065e+00
2.956390977443609245e+02 2.590869997118348422e+00 2.467885579345183267e+00 2.524229322057096603e+00 2.481246779008301040e+00 2.527501954183976274e+00
2.957869674185463396e+02 2.561990357656274586e+00 2.413282710449141000e+00 2.528350738677015652e+00 2.496003030734940786e+00 2.527570461777831845e+00
2.959348370927318115e+02 2.514122517953639058e+00 2.448121680193583227e+00 2.515604919058435751e+00 2.475329548795353940e+00 2.551295934257710840e+00
2.960827067669172834e+02 2.518907001915366539e+00 2.430820725747082189e+00 2.510364667900598867e+00 2.534218240080353901e+00 2.519034236755409495e+00
2.962305764411027553e+02 2.512426154061801586e+00 2.419549513812559116e+00 2.500771211040099917e+00 2.460002978568340826e+00 2.467748941616856762e+00
2.963784461152882272e+02 2.500195699863716925e+00 2.417075361216822760e+00 2.451410838275955850e+00 2.465564937660536859e+00 2.457179220430599109e+00
2.965263157894736992e+02 2.528803729985495963e+00 2.393845714751718479e+00 2.433221979396973378e+00 2.424355668708094047e+00 2.445168391043230471e+00
2.966741854636591711e+02 2.478542740362287056e+00 2.320749328056709526e+00 2.470146033731688284e+00 2.429359772296304509e+00 2.452401977981911507e+00
2.968220551378445862e+02 2.460546904808092350e+00 2.374353256071319862e+00 2.457390617697402746e+00 2.378918987757113523e+00 2.438447492891273161e+00
2.969699248120300581e+02 2.416483456896947324e+00 2.364736800697385899e+00 2.418126981623934579e+00 2.437226990433355223e+00 2.387567383662387410e+00
2.971177944862155300e+02 2.439576078600672382e+00 2.304345329301763723e+00 2.445814107285035011e+00 2.345321105595316258e+00 2.399283596426622811e+00
2.972656641604010019e+02 2.411678721542219961e+00 2.304446914687376058e+00 2.406409867670604719e+00 2.334662632776224545e+00 2.383722456582318294e+00
2.974135338345864739e+02 2.389170946757373848e+00 2.306099150295437106e+00 2.367642174080641038e+00 2.325814512210100826e+00 2.364827494867145052e+00
2.975614035087719458e+02 2.389016937021520182e+00 2.300125988818483069e+00 2.328476963917280429e+00 2.345235705380319224e+00 2.345945620332557713e+00
2.977092731829574177e+02 2.391817078688112996e+00 2.293946139299350762e+00 2.340468314404285710e+00 2.370500520509006837e+00 2.335678045805285041e+00
2.978571428571428328e+02 2.393991141927281241e+00 2.312350711656397717e+00 2.347127103784560909e+00 2.361435148237371440e+00 2.332994043671477336e+00
2.980050125313283047e+02 2.399160172747416553e+00 2.332123088461051985e+00 2.355289744359285731e+00 2.350228805663312492e+00 2.331814013407995656e+00
2.981528822055137766e+02 2.404332781866410418e+00 2.354709522811877065e+00 2.343209319649460110e+00 2.339014438407863050e+00 2.334882232763598964e+00
2.983007518796992485e+02 2.409508974095584843e+00 2.377272343999180748e+00 2.331146414584614579e+00 2.327792039809474023e+00 2.338742957679184276e+00
2.984486215538847205e+02 2.410744869191211670e+00 2.399811572458974585e+00 2.319101025394280757e+00 2.310428769437166352e+00 2.343694441003478346e+00
2.985964912280701924e+02 2.401247507337177289e+00 2.346950616406118240e+00 2.307073148331206358e+00 2.273602367362844046e+00 2.348641277931108995e+00
2.987443609022556643e+02 2.379189628186868521e+00 2.335481387704050782e+00 2.278911956347245304e+00 2.226583947700490729e+00 2.298570240744696402e+00
2.988922305764410794e+02 2.354246793102160673e+00 2.323317239710687154e+00 2.267152169103741510e+00 2.204854672464687138e+00 2.237677860969572219e+00
2.990401002506265513e+02 2.351989364665543203e+00 2.311932509883314335e+00 2.269949993167690305e+00 2.203105016536579086e+00 2.214183008116714202e+00
2.991879699248120232e+02 2.357516798974852001e+00 2.300568084118210344e+00 2.272671741405200230e+00 2.201349952263311316e+00 2.211648275495586624e+00
2.993358395989974952e+02 2.359270210567150805e+00 2.289223864992597335e+00 2.275366352994673047e+00 2.197092135075158215e+00 2.213799725354340442e+00
2.994837092731829671e+02 2.343831524162304447e+00 2.279047010332051926e+00 2.278061826183241934e+00 2.164166053359513509e+00 2.217762348980320652e+00
2.996315789473684390e+02 2.344710726000113876e+00 2.272439828062043699e+00 2.275816021694107683e+00 2.187349507302022822e+00 2.219095614583211251e+00
2.997794486215539109e+02 2.320870169865661747e+00 2.249203747921336483e+00 2.257784490217324969e+00 2.225252117554393116e+00 2.202198926293935877e+00
2.999273182957393260e+02 2.261232405170196635e+00 2.225807172625774655e+00 2.264747770666558857e+00 2.223229738632902741e+00 2.183800815008673624e+00
3.000751879699247979e+02 2.268707455431569375e+00 2.220212676077390590e+00 2.259044537659904872e+00 2.208365824560883706e+00 2.165956152853753203e+00
3.002230576441102698e+02 2.276179636479501944e+00 2.216315467342003132e+00 2.246023345489095657e+00 2.193526713221655378e+00 2.155823388981774613e+00
3.003709273182957418e+02 2.264273786026333113e+00 2.209654094230370625e+00 2.233034818778343755e+00 2.174853306148744281e+00 2.147390810247492787e+00
3.005187969924812137e+02 2.238068335985222035e+00 2.185808276477549494e+00 2.220078712677229227e+00 2.149948820030390451e+00 2.138974522675599843e+00
3.006666666666666856e+02 2.242573197635293614e+00 2.161855463039650704e+00 2.207154783670826959e+00 2.156179173813615346e+00 2.165682696783003625e+00
3.008145363408521007e+02 2.223281087159143521e+00 2.143359118375564254e+00 2.174329283597528750e+00 2.215450159100791350e+00 2.231304011605496296e+00
3.009624060150375726e+02 2.202417183514598253e+00 2.127381296222464524e+00 2.169894891378556512e+00 2.209054465837839487e+00 2.219085879146774243e+00
3.011102756892230445e+02 2.201961500637280356e+00 2.111496021429917214e+00 2.168469104385390089e+00 2.202693203281599565e+00 2.200883196760113680e+00
3.012581453634085165e+02 2.201503646487823485e+00 2.095702646376774059e+00 2.175519485841403533e+00 2.196366104280751852e+00 2.185231690484327416e+00
3.014060150375939884e+02 2.186467399689709268e+00 2.095312947341317678e+00 2.182523554234271135e+00 2.190072904458840064e+00 2.176147640044714393e+00
3.015538847117794603e+02 2.167854568522840086e+00 2.111921713216329710e+00 2.189481415131457442e+00 2.149656079064452108e+00 2.167102373635355850e+00
3.017017543859649322e+02 2.157306474011960962e+00 2.112394898228984630e+00 2.174576722932984207e+00 2.118896712888435729e+00 2.155599274423844136e+00
3.018496240601504041e+02 2.152111761319539962e+00 2.093549213853256319e+00 2.135192457421170698e+00 2.098730876607948659e+00 2.143337677084682369e+00
3.019974937343358192e+02 2.152423079267974160e+00 2.083982899304219316e+00 2.109699564462475863e+00 2.097759902481820760e+00 2.139030379014610350e+00
3.021453634085212911e+02 2.155483190873189070e+00 2.085370714620998545e+00 2.100032798978863191e+00 2.096784403842653521e+00 2.129996837395685905e+00
3.022932330827067631e+02 2.158549717431127668e+00 2.086760379729850623e+00 2.102300799428845401e+00 2.095804373369742457e+00 2.128439205684460322e+00
3.024411027568922350e+02 2.145322004990120490e+00 2.088151858905313407e+00 2.104570185118317838e+00 2.079372211799012327e+00 2.126878641256144231e+00
3.025889724310777069e+02 2.135777499821526870e+00 2.055141495914765581e+00 2.105370316947301035e+00 2.061916010749831329e+00 2.122736007484731235e+00
3.027368421052631788e+02 2.114627405665123749e+00 2.051164381660606217e+00 2.081374707721785455e+00 2.092223787441851002e+00 2.097447593593191772e+00
3.028847117794485939e+02 2.093412493457971202e+00 2.034719134612248848e+00 2.041888174915899246e+00 2.080534122878323622e+00 2.072251107456301256e+00
3.030325814536340658e+02 2.105040005045282658e+00 2.039659628464166818e+00 2.031238687257442166e+00 2.068861799048729466e+00 2.058080675547480975e+00
3.031804511278195378e+02 2.119729753600215538e+00 2.044605313097001442e+00 2.027877447924937737e+00 2.057206604109568904e+00 2.046284849454603538e+00
3.033283208020050097e+02 2.125695718598885620e+00 2.048563508594032800e+00 2.024540880020063049e+00 2.041178478346786118e+00 2.038823236671392092e+00
3.034761904761904816e+02 2.117088477577844241e+00 2.014094085154722436e+00 2.021228894377947505e+00 2.012067971323559412e+00 2.032043701510552580e+00
3.036240601503759535e+02 2.113408501430662501e+00 1.971785892689860598e+00 2.011043541925555900e+00 2.031880872507738633e+00 2.025293844707464430e+00
3.037719298245614254e+02 2.056453712471862705e+00 1.934581589246232802e+00 1.987067681547225462e+00 2.068227448173607819e+00 2.039414630507569548e+00
3.039197994987468405e+02 2.038435402578847366e+00 1.903212299820546960e+00 1.970906769166442363e+00 2.048872993775458173e+00 2.060776208395765696e+00
3.040676691729323124e+02 2.020479743229659064e+00 1.895419947699827912e+00 1.968961009880503266e+00 2.027178486866110241e+00 2.023952101308716500e+00
3.042155388471177844e+02 2.002585840709760312e+00 1.887656281121501634e+00 1.961015919176879008e+00 2.005535336132317603e+00 1.987759396841882076e+00
3.043634085213032563e+02 1.984752805793453367e+00 1.893671543625015996e+00 1.953085868951560222e+00 1.974753633878181258e+00 1.953213740988617664e+00
3.045112781954887282e+02 1.949521057576296679e+00 1.926001339089715714e+00 1.945170775891504888e+00 1.935668802238885933e+00 1.918815591934074138e+00
3.046591478696742001e+02 1.941230580481664747e+00 1.946438436859500243e+00 1.937270557124812775e+00 1.915096476120142777e+00 1.914015260993576995e+00
3.048070175438596721e+02 1.952415466940083721e+00 1.921769551298864398e+00 1.904613602754968493e+00 1.907522956842234274e+00 1.920960539882250684e+00
3.049548872180450871e+02 1.943281631964475231e+00 1.894589215123660741e+00 1.890651067644484318e+00 1.891404482588689762e+00 1.909482446066009809e+00
3.051027568922305591e+02 1.916271788608745696e+00 1.867567365748508790e+00 1.879727954822063118e+00 1.875284341256380216e+00 1.896035230264334182e+00
3.052506265664160310e+02 1.889361049561664840e+00 1.840703433000610900e+00 1.872485921851473778e+00 1.859162437905220289e+00 1.885143276492450060e+00
3.053984962406015029e+02 1.857840099166093717e+00 1.800535437121445259e+00 1.865240797637213399e+00 1.824710009370578145e+00 1.877017286267195884e+00
3.055463659147869748e+02 1.803398626303881258e+00 1.753212952765868859e+00 1.857992569097305369e+00 1.812968664515970829e+00 1.868913764117698273e+00
3.056942355889724467e+02 1.780854397518664811e+00 1.715288638743008631e+00 1.830773893885205617e+00 1.821631860455988017e+00 1.833867374405138140e+00
3.058421052631579187e+02 1.840680310776540818e+00 1.722376657035597836e+00 1.798327787567571390e+00 1.818893151635387451e+00 1.797125185422515203e+00
3.059899749373433337e+02 1.833613060821972507e+00 1.741715175904074098e+00 1.781600224167758872e+00 1.800762251388454915e+00 1.762042098497643705e+00
3.061378446115288057e+02 1.813432075014465683e+00 1.760976463913970447e+00 1.770277606919231417e+00 1.782681513685214325e+00 1.737383424328510229e+00
3.062857142857142776e+02 1.782405545140965497e+00 1.780159697293905552e+00 1.758995075146789988e+00 1.763161764554619371e+00 1.716502873754292668e+00
3.064335839598997495e+02 1.721954818330736936e+00 1.742355899736435898e+00 1.747752595896017169e+00 1.735000749963883981e+00 1.695674281290770136e+00
3.065814536340852214e+02 1.692489488766145023e+00 1.694460993690295902e+00 1.736550139668239900e+00 1.725467453646858607e+00 1.678187480262306908e+00
3.067293233082706934e+02 1.711728772793366549e+00 1.648550864833447260e+00 1.714202002278111259e+00 1.730071680990986405e+00 1.669304691280738551e+00
3.068771929824561653e+02 1.715087358598208711e+00 1.608544904242411366e+00 1.682214407559588620e+00 1.713463501485136931e+00 1.658141871863052064e+00
3.070250626566415804e+02 1.714766971710180776e+00 1.596186154758355125e+00 1.654139441703130986e+00 1.696901513679826001e+00 1.640888974741709250e+00
3.071729323308270523e+02 1.714454521219739735e+00 1.583945508497120347e+00 1.646313852403865408e+00 1.680385450626189048e+00 1.624173188330202189e+00
3.073208020050125242e+02 1.704664258639832397e+00 1.584740224054809188e+00 1.638477916490351127e+00 1.659358226600584407e+00 1.611781940632876164e+00
3.074686716791979961e+02 1.687893425750312648e+00 1.627913258172348332e+00 1.630631012664785162e+00 1.634900498341939734e+00 1.599427785520437961e+00
3.076165413533834680e+02 1.657165131269300318e+00 1.666415722485216522e+00 1.617155660073950285e+00 1.620837648374765294e+00 1.604192431109676686e+00
3.077644110275689400e+02 1.623074849909078798e+00 1.625798498077399623e+00 1.598435612727405752e+00 1.616340809571427783e+00 1.621743185963406164e+00
3.079122807017544119e+02 1.598810558196907206e+00 1.585905165983893195e+00 1.569598285767197954e+00 1.601172519314599807e+00 1.625647145730654275e+00
3.080601503759398270e+02 1.588836629141113344e+00 1.565391968673595535e+00 1.552971882595685971e+00 1.586056145428587305e+00 1.606847796691319497e+00
3.082080200501252989e+02 1.578888285097260979e+00 1.544928678223560503e+00 1.550320882152579127e+00 1.570991395626372800e+00 1.589539581013354130e+00
3.083558897243107708e+02 1.565513239761212816e+00 1.524515045875072028e+00 1.547738190530082880e+00 1.540111728291815529e+00 1.574047929600616680e+00
3.085037593984962427e+02 1.530332945691309066e+00 1.557676535889334968e+00 1.545224501080627366e+00 1.505761588115269944e+00 1.558618109903332938e+00
3.086516290726817147e+02 1.518672209546771734e+00 1.544014094169286588e+00 1.542507814818725009e+00 1.502859386737768865e+00 1.542980468949145312e+00
3.087994987468671866e+02 1.455409040338518478e+00 1.504275747005001440e+00 1.503342059784773310e+00 1.488544242873953038e+00 1.506390166349185655e+00
3.089473684210526017e+02 1.441824219875934787e+00 1.490780678792019254e+00 1.475886938674869864e+00 1.474301418401449348e+00 1.484274536196051653e+00
3.090952380952380736e+02 1.445841131958113257e+00 1.477269259823150049e+00 1.482258301294176572e+00 1.460130410231155640e+00 1.467064637729049714e+00
3.092431077694235455e+02 1.446636654974070346e+00 1.463741443795454344e+00 1.501660626455637804e+00 1.446031630088252751e+00 1.457188341239460838e+00
3.093909774436090174e+02 1.432452102561373009e+00 1.452236793699502426e+00 1.520962789563841344e+00 1.432003994641846134e+00 1.450996723728257054e+00
3.095388471177944893e+02 1.418494346772999126e+00 1.438520493929952071e+00 1.538963075971238048e+00 1.444846692411728473e+00 1.446538988401424364e+00
3.096867167919799613e+02 1.442246738122419547e+00 1.408690784691868370e+00 1.535749591877361153e+00 1.465241036022170595e+00 1.454239844483919963e+00
3.098345864661654332e+02 1.444460608404611657e+00 1.381109832830694550e+00 1.450400866498498198e+00 1.465747700252777896e+00 1.459981706518011402e+00
3.099824561403509051e+02 1.432894593782466641e+00 1.380595290568147337e+00 1.379420568017892146e+00 1.458886402870204213e+00 1.428223798576606196e+00
3.101303258145363202e+02 1.421406511608384049e+00 1.381283209275470547e+00 1.378936530056163123e+00 1.452035322295995856e+00 1.406295162637926310e+00
3.102781954887217921e+02 1.409996049281488029e+00 1.379832097628255649e+00 1.384042995919998686e+00 1.441724898560243995e+00 1.386914648514253612e+00
3.104260651629072640e+02 1.388746642631593753e+00 1.361735310476843042e+00 1.389142222005050664e+00 1.425150468949084814e+00 1.367590581821907181e+00
3.105739348370927360e+02 1.383824935701510883e+00 1.343563582431698933e+00 1.394234213771218922e+00 1.398235344415944992e+00 1.392810854202905846e+00
3.107218045112782079e+02 1.405693532005188207e+00 1.328946050690014369e+00 1.363322998443537770e+00 1.358622208195140235e+00 1.419800523553393923e+00
3.108696741854636798e+02 1.417902181582112675e+00 1.318247917514827172e+00 1.360109812229874704e+00 1.356129180474766827e+00 1.436127313089494706e+00
3.110175438596490949e+02 1.408741067859742069e+00 1.307557545168026358e+00 1.360532395696039787e+00 1.353625480487026911e+00 1.421745187985136827e+00
3.111654135338345668e+02 1.399603797920183412e+00 1.296874519222317668e+00 1.370859418312587952e+00 1.351110908462335392e+00 1.408486168398227045e+00
3.113132832080200387e+02 1.378607371006473015e+00 1.311082553827555897e+00 1.381150356327728312e+00 1.345161843033661819e+00 1.397835981464721655e+00
3.114611528822055107e+02 1.354767696216610862e+00 1.351700770072123081e+00 1.391404783569084369e+00 1.341941222001469258e+00 1.387235430216608556e+00
3.116090225563909826e+02 1.331045136236624460e+00 1.330480340038800113e+00 1.393118818351742894e+00 1.347194958089163785e+00 1.364367631004835157e+00
3.117568922305764545e+02 1.309901513039379406e+00 1.314972472009974469e+00 1.383966860445243086e+00 1.347692661084985088e+00 1.336897039151509148e+00
3.119047619047619264e+02 1.301785228388692595e+00 1.318190800853909828e+00 1.381744661901886939e+00 1.331558258517625548e+00 1.318405305688093110e+00
3.120526315789473415e+02 1.301743804033193674e+00 1.321438972867086781e+00 1.388598520426729044e+00 1.315488988176100271e+00 1.308525389281271600e+00
3.122005012531328134e+02 1.301715858709931783e+00 1.324717398845317584e+00 1.395473357464638076e+00 1.299484555737655533e+00 1.301788023016209328e+00
3.123483709273182853e+02 1.295233430567570121e+00 1.333032888653474357e+00 1.402369767668246947e+00 1.277412686115270812e+00 1.295067276546045143e+00
3.124962406015037573e+02 1.289277083656739764e+00 1.343024230145022146e+00 1.409288351513932280e+00 1.292968713403885639e+00 1.288363053103748657e+00
3.126441102756892292e+02 1.267397997125787601e+00 1.323048306818757736e+00 1.407533078836062268e+00 1.304636859928570480e+00 1.275420897513383167e+00
3.127919799498747011e+02 1.245540438456069765e+00 1.299815729650218188e+00 1.327760952343777445e+00 1.299389768693751446e+00 1.265000625288505098e+00
3.129398496240601730e+02 1.247663267023265909e+00 1.299429414316482623e+00 1.256204438083172281e+00 1.294159514262088528e+00 1.258888643055215306e+00
3.130877192982455881e+02 1.252182420994842449e+00 1.303247268572431672e+00 1.252405853652442946e+00 1.288946065700441457e+00 1.252760663135063401e+00
3.132355889724310600e+02 1.253929727223788149e+00 1.305106173442890372e+00 1.256395104293733578e+00 1.283749392743059659e+00 1.251900940985547050e+00
3.133834586466165320e+02 1.250305784159784217e+00 1.285159096636726783e+00 1.260342441751097997e+00 1.274135139531255234e+00 1.252000281183359931e+00
3.135313283208020039e+02 1.253572193068376750e+00 1.258826758126808665e+00 1.260058864349781649e+00 1.277307400880106636e+00 1.271577640902358253e+00
3.136791979949874758e+02 1.272180301839526129e+00 1.243118842288287285e+00 1.249642089077690921e+00 1.297783324522264525e+00 1.293884720950837064e+00
3.138270676691729477e+02 1.287010325966090996e+00 1.230606881075428483e+00 1.250836244745540560e+00 1.287705331804236186e+00 1.311787706209671445e+00
3.139749373433584196e+02 1.284473317110042867e+00 1.240275232780256420e+00 1.252324686999687131e+00 1.275349727227368390e+00 1.302597899057415853e+00
3.141228070175438347e+02 1.281946535975549972e+00 1.249934933337412124e+00 1.249256982799087812e+00 1.263020902586735605e+00 1.291926304596704655e+00
3.142706766917293066e+02 1.269146207881354682e+00 1.259585965575995781e+00 1.246176965446696761e+00 1.243901422273409718e+00 1.287791680971318575e+00
3.144185463659147786e+02 1.252015686538869854e+00 1.276842799792582195e+00 1.243084589916349625e+00 1.228284730743600228e+00 1.283674782658210667e+00
3.145664160401002505e+02 1.242688434075282622e+00 1.263975783937812070e+00 1.232259890097805677e+00 1.232368197590939074e+00 1.269337647415469172e+00
3.147142857142857224e+02 1.254485883866752305e+00 1.243172550974503521e+00 1.233315495916879945e+00 1.237517842089033593e+00 1.248416702897561903e+00
3.148621553884711943e+02 1.256808399738713389e+00 1.245460628947405946e+00 1.244447977618460932e+00 1.226851675269481801e+00 1.233604995055833431e+00
3.150100250626566094e+02 1.249692602417894038e+00 1.247752165899353338e+00 1.249148736890882239e+00 1.216220096123400207e+00 1.226175772417327892e+00
3.151578947368420813e+02 1.242546214382017844e+00 1.250047162608171947e+00 1.253876699845130949e+00 1.205622979334920464e+00 1.221453388639009319e+00
3.153057644110275533e+02 1.214492571010112432e+00 1.247959907618598763e+00 1.258632028367511202e+00 1.187347398249347430e+00 1.219872766066468106e+00
3.154536340852130252e+02 1.199484890067483711e+00 1.243536546003869203e+00 1.263414886342187460e+00 1.184420715871439933e+00 1.218292897777489170e+00
3.156015037593984971e+02 1.186611021515654896e+00 1.229315395968047619e+00 1.248250874134199329e+00 1.197763585508645923e+00 1.215919238070841901e+00
3.157493734335839690e+02 1.173499351504104116e+00 1.220139215033244184e+00 1.198673073699934477e+00 1.202111904317879176e+00 1.205850521449628898e+00
3.158972431077694409e+02 1.179437473757825261e+00 1.226490491355464840e+00 1.184695609170951069e+00 1.196268444072023041e+00 1.191684266772345513e+00
3.160451127819549129e+02 1.185353017985763868e+00 1.238346864620825993e+00 1.192201710166693074e+00 1.190443627699629969e+00 1.177700998584690684e+00
3.161929824561403279e+02 1.188786202972681005e+00 1.250127095446819325e+00 1.199701455389835969e+00 1.183103481018314307e+00 1.169580737353681288e+00
3.163408521303257999e+02 1.184973515260226540e+00 1.221722546832142875e+00 1.207194856444228970e+00 1.167249920070553948e+00 1.162924785975140374e+00
3.164887218045112718e+02 1.178110014311321008e+00 1.190752662287539287e+00 1.210013371469893295e+00 1.179560922798500000e+00 1.178128210892174010e+00
3.166365914786967437e+02 1.172064326769289622e+00 1.176322533600891118e+00 1.191290275602940429e+00 1.204736587616748178e+00 1.199653580599461922e+00
3.167844611528822156e+02 1.167392208243997365e+00 1.164384158201776431e+00 1.164050608284283861e+00 1.201624386507479825e+00 1.217265482498028684e+00
3.169323308270676876e+02 1.173694248170878529e+00 1.153674173348088638e+00 1.143726247681313701e+00 1.193469120179078580e+00 1.192659154465857130e+00
3.170802005012531026e+02 1.179977690841031546e+00 1.143026103706937802e+00 1.148537664766988486e+00 1.185324111685111426e+00 1.168970936460435039e+00
3.172280701754385746e+02 1.176685513883087397e+00 1.137701007607667236e+00 1.153324030324395455e+00 1.170995687946030817e+00 1.151455605747489841e+00
3.173759398496240465e+02 1.167760451226323326e+00 1.149033177659885885e+00 1.158085406645714688e+00 1.151183891535235704e+00 1.133991126380378800e+00
3.175238095238095184e+02 1.164373409205593957e+00 1.156595478856734305e+00 1.157402094319308405e+00 1.140568380033349039e+00 1.128113861063136936e+00
3.176716791979949903e+02 1.174063090318977931e+00 1.145066244136623723e+00 1.150940316840293187e+00 1.139819048666193879e+00 1.134172580401177299e+00
3.178195488721804622e+02 1.178241252702524777e+00 1.137153460316262077e+00 1.165854018296348160e+00 1.145763252605672466e+00 1.136181935984023728e+00
3.179674185463659342e+02 1.174060966128603445e+00 1.136943924212305834e+00 1.156512240552703519e+00 1.151683512815229404e+00 1.135793331684858298e+00
3.181152882205514061e+02 1.169897338092104722e+00 1.136727171832280003e+00 1.147191728866583382e+00 1.156175896965124794e+00 1.140401390217546940e+00
3.182631578947368212e+02 1.160168946975162818e+00 1.136503266656518685e+00 1.137892308565723987e+00 1.156086344218761885e+00 1.144995132483132005e+00
3.184110275689222931e+02 1.153300412355894977e+00 1.184596547136595346e+00 1.128613806699911848e+00 1.146348115061328610e+00 1.149574600708249683e+00
3.185588972431077650e+02 1.150677194931625458e+00 1.166619597141649090e+00 1.119356052019664594e+00 1.136217326531974825e+00 1.153960198891282873e+00
3.187067669172932369e+02 1.148137360134943830e+00 1.145948308564480378e+00 1.127198881126586727e+00 1.135479731967355299e+00 1.149202082968278971e+00
3.188546365914787089e+02 1.148462226694847876e+00 1.136280865325633993e+00 1.152360663627741477e+00 1.134744858881089113e+00 1.137845163862523323e+00
3.190025062656641808e+02 1.149978824554493295e+00 1.132598029968935105e+00 1.162899248398159280e+00 1.134012695274030591e+00 1.125747879364935589e+00
3.191503759398495959e+02 1.150287696602078524e+00 1.128901201943150578e+00 1.163168262231274674e+00 1.133283229217431298e+00 1.117005389049491315e+00
3.192982456140350678e+02 1.143869080112740022e+00 1.119992384369717708e+00 1.163436479955519021e+00 1.128875454754394436e+00 1.109919502301192962e+00
3.194461152882205397e+02 1.132513635931383877e+00 1.107322803382834175e+00 1.162451383271585703e+00 1.111971284155624407e+00 1.101821126607493539e+00
3.195939849624060116e+02 1.109615550325039779e+00 1.095143849464422336e+00 1.150353733130146106e+00 1.110270279949053363e+00 1.093315162781397065e+00
3.197418546365914835e+02 1.086588184388049605e+00 1.088044321261036229e+00 1.113117467335533517e+00 1.115008104569147562e+00 1.084812565478569413e+00
3.198897243107769555e+02 1.078015450052321578e+00 1.098207823819865814e+00 1.082095361403386580e+00 1.121733350802396334e+00 1.085799977893526114e+00
3.200375939849624274e+02 1.086145505494036989e+00 1.109954679532260347e+00 1.085690873352701979e+00 1.128450452666433179e+00 1.082985455323700164e+00
3.201854636591478993e+02 1.087208622494467702e+00 1.117932304974004198e+00 1.090815871280967908e+00 1.130427583406803160e+00 1.087888402118096121e+00
3.203333333333333144e+02 1.082021775478811287e+00 1.109951932948863629e+00 1.095946026447977895e+00 1.124222488554226018e+00 1.092773959254395466e+00
3.204812030075187863e+02 1.086876603362739724e+00 1.093614202500637234e+00 1.091647637435781970e+00 1.116249108845652316e+00 1.097642209220248466e+00
3.206290726817042582e+02 1.108072146818185999e+00 1.074883281783576061e+00 1.072354542958509738e+00 1.113961113246094925e+00 1.096382800154869219e+00
3.207769423558897302e+02 1.122563873001872325e+00 1.075456940950705986e+00 1.079817518442631741e+00 1.113150852315734740e+00 1.090589330118286071e+00
3.209248120300752021e+02 1.123905319793566226e+00 1.076039578563437127e+00 1.085971956860083854e+00 1.112340625948984751e+00 1.084689737491438599e+00
3.210726817042606740e+02 1.125243926102905023e+00 1.076631121759365151e+00 1.089037496398239435e+00 1.111530437980303265e+00 1.080294623931366216e+00
3.212205513784460891e+02 1.109399718695817771e+00 1.078755786588724064e+00 1.092098267375808618e+00 1.110720292215247262e+00 1.080896453111185318e+00
3.213684210526315610e+02 1.097037188816854414e+00 1.080786684617413673e+00 1.095154303408664154e+00 1.094824839902415858e+00 1.081497267544952567e+00
3.215162907268170329e+02 1.096519064082856820e+00 1.067760506797717390e+00 1.092395507823683110e+00 1.078826942445801240e+00 1.087394213997789238e+00
3.216641604010025048e+02 1.109447028443766303e+00 1.044080155850459990e+00 1.087517699362701151e+00 1.074207219512348210e+00 1.095166696766171954e+00
3.218120300751879768e+02 1.102686334569818793e+00 1.028031005875551074e+00 1.105412611974720072e+00 1.082117096876640261e+00 1.088447569563692374e+00
3.219598997493734487e+02 1.095935799726575954e+00 1.021019022510650798e+00 1.107499875000509393e+00 1.089997791638235292e+00 1.073383919092364414e+00
3.221077694235589206e+02 1.088413420116508545e+00 1.013986352485259035e+00 1.109581524252349904e+00 1.097849486402607377e+00 1.062789422331281042e+00
3.222556390977443357e+02 1.075303485358960032e+00 1.058833598703166068e+00 1.111657584642051999e+00 1.096187385106527801e+00 1.055074483709385946e+00
3.224035087719298076e+02 1.062064602972156546e+00 1.122145470568238990e+00 1.113728080915330265e+00 1.094318664198294933e+00 1.047787804588056870e+00
3.225513784461152795e+02 1.052739695493174921e+00 1.129994795934067708e+00 1.110412498761392808e+00 1.075462855076646962e+00 1.055105974701850080e+00
3.226992481203007515e+02 1.044131102636585151e+00 1.109167740489956921e+00 1.076650603885037194e+00 1.069996765234437985e+00 1.062292271442533131e+00
3.228471177944862234e+02 1.051430320157120679e+00 1.100936274015853478e+00 1.053119946298331389e+00 1.073433837925039658e+00 1.054385654318416465e+00
3.229949874686716953e+02 1.059535836644723839e+00 1.095453329014735910e+00 1.050069569216589116e+00 1.076870640392637801e+00 1.045228185629049733e+00
3.231428571428571104e+02 1.067611674825856394e+00 1.089991566065122708e+00 1.050715578481668633e+00 1.076372721175799851e+00 1.040689660435832886e+00
3.232907268170425823e+02 1.066056428677842005e+00 1.082505894214077946e+00 1.051365505839430670e+00 1.065502637066291669e+00 1.036943974922587275e+00
3.234385964912280542e+02 1.060613902461306379e+00 1.064183961284965951e+00 1.049018501821006311e+00 1.052748632941927109e+00 1.038248741910866579e+00
3.235864661654135261e+02 1.042983519187713259e+00 1.055730916659837870e+00 1.038414116839172729e+00 1.051152517948181098e+00 1.048567365210326452e+00
3.237343358395989981e+02 1.015560607531523107e+00 1.066408715217870729e+00 1.050645374602391380e+00 1.065937628745831312e+00 1.055458520375225584e+00
3.238822055137844700e+02 1.026194574299027495e+00 1.077857158636019941e+00 1.079685380866131750e+00 1.081538985848626400e+00 1.054995234702079010e+00
3.240300751879699419e+02 1.036801145941313562e+00 1.089292125682287615e+00 1.060716266031978661e+00 1.097110347729157720e+00 1.061919799874634363e+00
3.241779448621554138e+02 1.047380427413389770e+00 1.100713800908581508e+00 1.041789122194006767e+00 1.107317050948522397e+00 1.068876773146602677e+00
3.243258145363408289e+02 1.044213019015710397e+00 1.067281534800825327e+00 1.022904048888747974e+00 1.066380989840193916e+00 1.075812185643459262e+00
3.244736842105263008e+02 1.043019008570409634e+00 1.003939666051923751e+00 1.005975670423670421e+00 1.027986593088900946e+00 1.082726138382689385e+00
3.246215538847117728e+02 1.036460875623747890e+00 9.996703297857103543e-01 1.030508463811121267e+00 1.025994374250736474e+00 1.105634158622093466e+00
3.247694235588972447e+02 1.039031488304111184e+00 1.001199766028066707e+00 1.059398841916554534e+00 1.023998601903284733e+00 1.087672676240995173e+00
3.249172932330827166e+02 1.048925461880506171e+00 1.011742500537327505e+00 1.073405899051794066e+00 1.021999300682817635e+00 1.069802409045843117e+00
3.250651629072681885e+02 1.058794986937860783e+00 1.017840997271954873e+00 1.067453152382101811e+00 1.019996495087760024e+00 1.054233578615216382e+00
3.252130325814536036e+02 1.060366774532472744e+00 1.002000210551687864e+00 1.061519932499877639e+00 1.005731160879439257e+00 1.041169071182003858e+00
3.253609022556390755e+02 1.061644310181047324e+00 9.859885889287277605e-01 1.055606122865306862e+00 1.017979360894140983e+00 1.028111552652645866e+00
3.255087719298245474e+02 1.069201207382583618e+00 9.795650612201768359e-01 1.038670755583065430e+00 1.044977849588497154e+00 1.020206893434538298e+00
3.256566416040100194e+02 1.060174741385873087e+00 9.737596240619698085e-01 1.024918127902180842e+00 1.056741205301751529e+00 1.012622921769709139e+00
3.258045112781954913e+02 1.061197912442668034e+00 9.824788818299392545e-01 1.023743796264418915e+00 1.054319987546564308e+00 1.015537026083668914e+00
3.259523809523809632e+02 1.063906308278021129e+00 9.952218518065134578e-01 1.017492173879450901e+00 1.051910973505268077e+00 1.022340911131065733e+00
3.261002506265664351e+02 1.061643861779190789e+00 1.007985613070785824e+00 1.008353113756230934e+00 1.048485181393441712e+00 1.032732772331973692e+00
3.262481203007519071e+02 1.045719030737517041e+00 1.019851993426416747e+00 9.991992041486531528e-01 1.036634775416749532e+00 1.044233864085980290e+00
3.263959899749373221e+02 1.039964397660482875e+00 1.016657142375895884e+00 9.761275857240565568e-01 1.043755804572992441e+00 1.050044673519509253e+00
3.265438596491227941e+02 1.025343350224962258e+00 1.000170850790464749e+00 9.588426016376440097e-01 1.060181759370006027e+00 1.039466002888139728e+00
3.266917293233082660e+02 1.013637277814128046e+00 9.989910848369333296e-01 9.953196811139145561e-01 1.062012730565823793e+00 1.028066998317773040e+00
3.268395989974937379e+02 1.014392859885440590e+00 9.993954914505576159e-01 1.031809398712950410e+00 1.061324804561261104e+00 1.020302761100965849e+00
3.269874686716792098e+02 1.015147584151981031e+00 9.998037057626046886e-01 1.025904397328597506e+00 1.060601583253631075e+00 1.013241916717036561e+00
3.271353383458646817e+02 1.010322744650558047e+00 1.005171039245300824e+00 1.020010415150393923e+00 1.051852898884968690e+00 1.011674930289891527e+00
3.272832080200500968e+02 1.000692054939309239e+00 1.025125263079226468e+00 1.014049707991244942e+00 1.039101591699733262e+00 1.010110732411522383e+00
3.274310776942355687e+02 1.002170310804223474e+00 1.036201132324547247e+00 1.001482832475595997e+00 1.015800750305256184e+00 1.021525210039349707e+00
3.275789473684210407e+02 1.011572413358842404e+00 1.016396303713446025e+00 9.889746706485862404e-01 1.001254940475370114e+00 1.043410756892636959e+00
3.277268170426065126e+02 1.006231078367455067e+00 1.002434540336753832e+00 1.005014602616038477e+00 1.004899640397950433e+00 1.053366350826450137e+00
3.278746867167919845e+02 1.000889635756902596e+00 9.994557873536675796e-01 1.006095743116055319e+00 1.008539153580807701e+00 1.048363007989062012e+00
3.280225563909774564e+02 9.955480978299607875e-01 9.964724081321982840e-01 1.007171914032613858e+00 1.012173490262612052e+00 1.044914268956442571e+00
3.281704260651629284e+02 9.902064768011581419e-01 9.897980787603063435e-01 1.008243127619002921e+00 1.008142382269561876e+00 1.044165299456863982e+00
3.283182957393484003e+02 9.709252354789085215e-01 9.797341169588426046e-01 1.009309396089052457e+00 1.003424084677144057e+00 1.043419141128029581e+00
3.284661654135338154e+02 9.675801672383382845e-01 9.759696190493977186e-01 9.980188914910674836e-01 1.005591071772175216e+00 1.021713880819584253e+00
3.286140350877192873e+02 9.684589587128913379e-01 9.579331711343743727e-01 9.974205321270387392e-01 1.010357840950549813e+00 9.967409007391438980e-01
3.287619047619047592e+02 9.806465676997203618e-01 9.539054306858176790e-01 1.009991250921426165e+00 1.012521385795249085e+00 9.864082963803072479e-01
3.289097744360902311e+02 9.982607464360018223e-01 9.599884047162833278e-01 1.016642149793756777e+00 1.014684959365249162e+00 9.843305359413772049e-01
3.290576441102757030e+02 1.013202959423613381e+00 9.660668893786351630e-01 1.016917404060019736e+00 1.016394687769983651e+00 9.853783159791651425e-01
3.292055137844611750e+02 1.016331468924988712e+00 9.816110970742504271e-01 1.017198095782779310e+00 9.997403316192058353e-01 9.880458868735925160e-01
3.293533834586465900e+02 1.015078437912970477e+00 9.979527796920386606e-01 1.014839492282807676e+00 9.897877734318263343e-01 9.883340793077900477e-01
3.295012531328320620e+02 1.010308957483534664e+00 9.882656461115084667e-01 9.986385044471075556e-01 9.835823371616257971e-01 9.875048907782218999e-01
3.296491228070175339e+02 1.005773023095348773e+00 9.749524397672333365e-01 9.768304307007400489e-01 9.844071341283051613e-01 9.866775132335942056e-01
3.297969924812030058e+02 1.007558205117938366e+00 9.782707080773778152e-01 9.701292385470907664e-01 9.881938063462740729e-01 9.851204093257013295e-01
3.299448621553884777e+02 1.009343713010171451e+00 9.840204314210377889e-01 9.698366096220619736e-01 9.919713874536619791e-01 9.831045338369467368e-01
3.300927318295739497e+02 1.005356573506617668e+00 9.893433811188743210e-01 9.695454012752685591e-01 9.936677222000727117e-01 9.867013637776270718e-01
3.302406015037594216e+02 9.969160202520209735e-01 9.913735913728624061e-01 9.692556163014659498e-01 9.911969086658081185e-01 9.902917627452220151e-01
3.303884711779448367e+02 1.003296474095358048e+00 9.935206989056166726e-01 9.689672575185593884e-01 9.538912896972377986e-01 9.938757229450266850e-01
3.305363408521303086e+02 1.012950405466965575e+00 9.846957976220371833e-01 9.802461640920661079e-01 9.561527244122056679e-01 1.011247801534298496e+00
3.306842105263157805e+02 1.010218985565012328e+00 9.793773342412256389e-01 9.889397145668711309e-01 9.635633137746739685e-01 1.016292848014622052e+00
3.308320802005012524e+02 1.007486679852951150e+00 9.890033092302993323e-01 9.878233632203463621e-01 9.709860811656333413e-01 1.017999927132939186e+00
3.309799498746867243e+02 1.004753488703013620e+00 9.986674619906650285e-01 9.867041675040988391e-01 9.784210742232524183e-01 1.021378885961583771e+00
3.311278195488721963e+02 9.882442113539866568e-01 1.001282080516159079e+00 9.855821204362493759e-01 9.858683407323941550e-01 1.028605946686790285e+00
3.312756892230576113e+02 9.864119670611394275e-01 9.958085290039383475e-01 9.844572150149997203e-01 9.671395904617581252e-01 1.035837290191337301e+00
3.314235588972430833e+02 9.813374238994677645e-01 9.842607628543855736e-01 9.742324988887216541e-01 9.595908578603773442e-01 1.008160845158473373e+00
3.315714285714285552e+02 9.747338854727171098e-01 9.777132117150408863e-01 9.710083107784127643e-01 9.568007942702215773e-01 9.658028178451237844e-01
3.317192982456140271e+02 9.716068663832553298e-01 9.788356246740486100e-01 9.776117615181024734e-01 9.633613147932301723e-01 9.534152867211808102e-01
3.318671679197994990e+02 9.701900823729410206e-01 9.864650476242333710e-01 9.810048025467013044e-01 9.699133233847585522e-01 9.560019848395225894e-01
3.320150375939849710e+02 9.687748659347015234e-01 9.940732758931742907e-01 9.788502981450754037e-01 9.764568095947023796e-01 9.632387767290606639e-01
3.321629072681704429e+02 9.610645839367715215e-01 9.794677923663257513e-01 9.766976312303943253e-01 9.734513950035159624e-01 9.746648599117690992e-01
3.323107769423559148e+02 9.541770477704049069e-01 9.544893053286812590e-01 9.745467994746992435e-01 9.673892885613427639e-01 9.844319425167757931e-01
3.324586466165413299e+02 9.667398079998251736e-01 9.491235933238986178e-01 9.691362697094718648e-01 9.687000196909166805e-01 9.773794862495751579e-01
3.326065162907268018e+02 9.794016023949839722e-01 9.554532517005669412e-01 9.523561721663428292e-01 9.782410216021079075e-01 9.700188037384378514e-01
3.327543859649122737e+02 9.871613405572927658e-01 9.757891468490434983e-01 9.405426526397391296e-01 9.914468754999840039e-01 9.585071581453364908e-01
3.329022556390977456e+02 9.943155871406380575e-01 9.961107001226157109e-01 9.486606535921945360e-01 1.004638024510554173e+00 9.542507032285076907e-01
3.330501253132832176e+02 9.964035949352847421e-01 1.014245804069985102e+00 9.604937148381310630e-01 1.017814507221386888e+00 9.532310705557247577e-01
3.331979949874686895e+02 9.916884283198189598e-01 9.855752171767169223e-01 9.722967326644301744e-01 1.019256115446808053e+00 9.522084503470971129e-01
3.333458646616541046e+02 9.869229867986875071e-01 9.527644205856193871e-01 9.822211414430774834e-01 9.726072966032229816e-01 9.548142860432698997e-01
3.334937343358395765e+02 9.966033267239908788e-01 9.422440091724173516e-01 9.708481596698446126e-01 9.289372660721786357e-01 9.645807183074887048e-01
3.336416040100250484e+02 9.902574701312012451e-01 9.370494675934832873e-01 9.228502062963992447e-01 9.395124396568643732e-01 9.697278097354273818e-01
3.337894736842105203e+02 9.839191581446048440e-01 9.463151702741064986e-01 9.304471650280720096e-01 9.500380205401194322e-01 9.752503777801809770e-01
3.339373433583959923e+02 9.775881214520689699e-01 9.555865940771997025e-01 9.380717710124016895e-01 9.605140447060166453e-01 9.816195472373830944e-01
3.340852130325814642e+02 9.667022671341466422e-01 9.663398703423480285e-01 9.457241444801487429e-01 9.675533773628252066e-01 9.918531118752237363e-01
3.342330827067669361e+02 9.535377812415247734e-01 9.802961944923257454e-01 9.534044063912006095e-01 9.530159550092742737e-01 1.002078042852762030e+00
3.343809523809524080e+02 9.544369866492737886e-01 9.843109429669987254e-01 9.524463678993418947e-01 9.182120502063921830e-01 9.784172977384685277e-01
3.345288220551378231e+02 9.632827574034467100e-01 9.764171210011469704e-01 9.561335985010542826e-01 9.227573050626595164e-01 9.410855030062350579e-01
3.346766917293232950e+02 9.639714493076160240e-01 9.747857337045506831e-01 9.737915858329210250e-01 9.273166125507448232e-01 9.195590661402818222e-01
3.348245614035087669e+02 9.563729247044140402e-01 9.824017190477521977e-01 9.872439841686485584e-01 9.318900338251998594e-01 9.190062632152001809e-01
3.349724310776942389e+02 9.487739796004335258e-01 9.900365912912958422e-01 9.851174142117037347e-01 9.364776303962262238e-01 9.225711858990677250e-01
3.351203007518797108e+02 9.311903641626774197e-01 9.863433331503350665e-01 9.829910041585250280e-01 9.306411612769738273e-01 9.299902698804147771e-01
3.352681704260651827e+02 9.135449883817213790e-01 9.763228572134582395e-01 9.808647510975380124e-01 9.284184315789177910e-01 9.374239667916836050e-01
3.354160401002505978e+02 9.124498720487060899e-01 9.573331442003611969e-01 9.659439592756524640e-01 9.361034376183591244e-01 9.399224720050967097e-01
3.355639097744360697e+02 9.138548926259737470e-01 9.561713017202574383e-01 9.442056657370467843e-01 9.489354347432299441e-01 9.419304895402662581e-01
3.357117794486215416e+02 9.178064812829622721e-01 9.649913436104342601e-01 9.320508126475752775e-01 9.634148168557336023e-01 9.396745336499791046e-01
3.358596491228070136e+02 9.222994111737704559e-01 9.738194701715611190e-01 9.314861313353219874e-01 9.778574621456979088e-01 9.290991703048600003e-01
3.360075187969924855e+02 9.267890025467599990e-01 9.826558271774923359e-01 9.334497167148242402e-01 9.914657530365638127e-01 9.285707770952910112e-01
3.361553884711779574e+02 9.231780730906432586e-01 9.599180361037125131e-01 9.354106554537243712e-01 9.989654101656161300e-01 9.280415475269463421e-01
3.363032581453634293e+02 9.253511621320412717e-01 9.317722559646123281e-01 9.353728178985669661e-01 9.332447191282687848e-01 9.274473838786381208e-01
3.364511278195488444e+02 9.419126418935187539e-01 9.226346811784816859e-01 9.286175436402513972e-01 9.163317608999668185e-01 9.266684648666549950e-01
3.365989974937343163e+02 9.678584196153531272e-01 9.225318320175054376e-01 9.243098426192803974e-01 9.230827156860912375e-01 9.345375719402387871e-01
3.367468671679197882e+02 9.576158016750940805e-01 9.371829365999816419e-01 9.308678354506428887e-01 9.298477197444897646e-01 9.394092759009859961e-01
3.368947368421052602e+02 9.473816180947103316e-01 9.518003980723288571e-01 9.380526714968951962e-01 9.366268217794201378e-01 9.450886534759620483e-01
3.370426065162907321e+02 9.334947646049519543e-01 9.599449470422046771e-01 9.452509052919985111e-01 9.434200707214925874e-01 9.565178818594686216e-01
3.371904761904762040e+02 9.172431770946471996e-01 9.508180239717816118e-01 9.524625589929832659e-01 9.369520357938759814e-01 9.679617256246815238e-01
3.373383458646616191e+02 9.246469859387641543e-01 9.372304915354594534e-01 9.527275893116059491e-01 9.172348839004832444e-01 9.613783116041343391e-01
3.374862155388470910e+02 9.530752428600183235e-01 9.255448922330641315e-01 9.448731808586112724e-01 9.095653104933330013e-01 9.357563221491621563e-01
3.376340852130325629e+02 9.679225506437821869e-01 9.179311281990872873e-01 9.483246890406634710e-01 9.127969862387991240e-01 9.228619022294343166e-01
3.377819548872180349e+02 9.651798223573943014e-01 9.200472897800148209e-01 9.576044923171747048e-01 9.160278000898147699e-01 9.218418043302657461e-01
3.379298245614035068e+02 9.624318188039653332e-01 9.221621364059749970e-01 9.573231339707076737e-01 9.192577539911702678e-01 9.208939642843410045e-01
3.380776942355889787e+02 9.459998943149104944e-01 9.242756627928235824e-01 9.570461733383412994e-01 9.147369298429666173e-01 9.263689462867998881e-01
3.382255639097744506e+02 9.354586444754392494e-01 9.889044626398338922e-01 9.567736240147960425e-01 9.078583664099908468e-01 9.318410556647034326e-01
3.383734335839599225e+02 9.225477314577574806e-01 1.023565652066190212e+00 9.421778060212497863e-01 9.327057863497104639e-01 9.289640497483319104e-01
3.385213032581453376e+02 9.085651298630981199e-01 9.941833896627391143e-01 9.364853472802476819e-01 9.284264095853840271e-01 9.241963051430043263e-01
3.386691729323308095e+02 9.063175572643712430e-01 9.756632983536104309e-01 9.410047201114833948e-01 9.241366537339330556e-01 9.190550139418840470e-01
3.388170426065162815e+02 9.092538025539937951e-01 9.572172792807200903e-01 9.472334347434494539e-01 9.198364811379852179e-01 9.146650504642568347e-01
3.389649122807017534e+02 9.104444834618131699e-01 9.388447685792310482e-01 9.540765272772003813e-01 9.150721054089715478e-01 9.149606429767082050e-01
3.391127819548872253e+02 9.044117298198873778e-01 9.584656242280013005e-01 9.609135893238536230e-01 9.031078517319340859e-01 9.171463404279339704e-01
3.392606516290726972e+02 9.000497235878555102e-01 9.859045017412513268e-01 9.673110410518677149e-01 9.059678540785304213e-01 9.204812587476836061e-01
3.394085213032581123e+02 9.163822823756297975e-01 9.805697971603224428e-01 9.676444957099374911e-01 9.200915733386014761e-01 9.375019598362359652e-01
3.395563909774435842e+02 9.327225302509479787e-01 9.658334086509234861e-01 9.602798795728157977e-01 9.191603698068399053e-01 9.412961356158174864e-01
3.397042606516290562e+02 9.252297882439193266e-01 9.757691891470018364e-01 9.543013858805695637e-01 9.139150776182141112e-01 9.412193473973909930e-01
3.398521303258145281e+02 9.177775857778833757e-01 9.869127411250905313e-01 9.489197335345120887e-01 9.086960568251649661e-01 9.411369086220887636e-01
3.400000000000000000e+02 9.102435328274305348e-01 9.981420592403736913e-01 9.434852015982537754e-01 9.030563911325822923e-01 9.453795934233525378e-01
