2.810000000000000000e+02 -4.678773365376651810e-02 7.047294278241084640e-03 -8.386639548165217631e-03 -1.390406191758285052e-02 3.872213347640379028e-02
2.811478696741854719e+02 -5.087756023058145893e-02 2.534994393103498500e-02 5.293649882301730038e-03 -1.633482461799561775e-02 1.502271750919384474e-02
2.812957393483709438e+02 -3.504969559920042416e-02 3.702226274938252154e-02 -9.641169959763601707e-03 -1.658535158044280311e-02 -7.695806514856281220e-03
2.814436090225564158e+02 -7.851254938335640310e-03 2.531072010898947552e-02 -3.267678394050468199e-02 -1.642283873257513113e-02 -1.292136649768592903e-02
2.815914786967418308e+02 -1.392298465119443454e-02 -5.780212145407236796e-02 -2.378371332094119175e-02 -1.030541068481374833e-02 5.898364241486553534e-03
2.817393483709273028e+02 -1.998112583433349701e-02 -1.733034304190122707e-02 -1.384132495934670311e-02 -2.008826493443108437e-03 -6.723371914228217124e-03
2.818872180451127747e+02 -1.495900411306215830e-02 2.369189079506387255e-02 -8.942730827674438832e-03 3.945270554745566177e-03 -2.014774852500075819e-02
2.820350877192982466e+02 4.713420875020566531e-02 -2.586903713675293634e-02 -2.568361618852131253e-02 -2.921250524233169610e-02 -1.700446455617596678e-02
2.821829573934837185e+02 2.723924126909217994e-02 -3.635160258355248780e-02 -5.607357037265513211e-02 -1.157750518328124270e-02 1.287421155963348537e-03
2.823308270676691905e+02 -1.695761410392454885e-02 -6.521073429385086141e-03 3.740254683171321398e-02 -2.402056957612124649e-02 2.093578192876304617e-02
2.824786967418546624e+02 2.874940283521545958e-03 -4.039295312909112895e-02 -1.022111157996986180e-02 -1.358773828300056767e-03 3.123788826650552002e-03
2.826265664160400775e+02 -2.612148583621152174e-03 6.559151903812718287e-03 -4.130234243019621559e-04 -6.031562432229868945e-03 -2.446646870753631589e-02
2.827744360902255494e+02 -2.443990178195150700e-02 -2.339651757998893397e-02 -2.228702401061501137e-02 -1.572615163432086044e-02 2.672810357917338418e-03
2.829223057644110213e+02 -7.377562205215772162e-03 3.329482079865952755e-03 3.943065753404254720e-02 2.875873683895178307e-02 2.276065118115677688e-02
2.830701754385964932e+02 1.869244178171440562e-02 -5.073121897944346537e-02 -6.342136256191101273e-03 -9.476847144877485057e-03 -2.228582685086799922e-02
2.832180451127819651e+02 2.707189489251245456e-03 -1.741983045645186315e-02 7.626005393589845548e-03 4.281817754133157572e-02 -2.212063984297229710e-02
2.833659147869674371e+02 -1.607981342273623326e-02 -1.379580879359756061e-02 1.124566774740528956e-02 3.374814693687295392e-02 -2.888823659641836725e-02
2.835137844611529090e+02 -3.405204985437645937e-02 2.549283328446466917e-03 -8.440842601313076204e-03 1.576221451455775760e-02 3.468917878073379812e-02
2.836616541353383241e+02 -2.260895469198385185e-03 -9.032696227864567273e-03 7.906048027246431395e-04 -1.288011931430406778e-02 3.476580667120387960e-03
2.838095238095237960e+02 2.428372109643438595e-02 1.686746480711711835e-02 1.951641914103303954e-02 1.522389706288581300e-02 6.536959688318531685e-03
2.839573934837092679e+02 1.702776017712787637e-01 1.509157088301467664e-01 1.054281356571545314e-01 4.558890493327277110e-02 7.127542192033689029e-03
2.841052631578947398e+02 5.641860757311236707e-01 4.316809555665707121e-01 3.034114922795880798e-01 1.260048878043949216e-01 5.779988302021773355e-02
2.842531328320802118e+02 1.168559800355389644e+00 8.842056932917323753e-01 5.771596227324138351e-01 2.241511211153494609e-01 7.881839028067701147e-02
2.844010025062656837e+02 1.268289071108673616e+00 9.950674966440367086e-01 6.445373967227470136e-01 2.952862613576656692e-01 1.273480649746166204e-01
2.845488721804511556e+02 1.326698899592184011e+00 1.004797499002469063e+00 6.804232165781007868e-01 3.072893565195262688e-01 1.610010914961766681e-01
2.846967418546365707e+02 1.745346216446953536e+00 1.459565426148815126e+00 9.264090861184132164e-01 4.300568459915656838e-01 2.202833243876440861e-01
2.848446115288220426e+02 2.279348564591834769e+00 1.758895339467675623e+00 1.163095250023412852e+00 5.572724361372396462e-01 2.658886403783228269e-01
2.849924812030075145e+02 1.646937612633524228e+00 1.445751258001101824e+00 8.910156448608393953e-01 4.708581971267822297e-01 2.723251681149608805e-01
2.851403508771929864e+02 1.155344554197291984e+00 9.766000517415042159e-01 6.228664892374881079e-01 3.276276102721303318e-01 2.039368117373611400e-01
2.852882205513784584e+02 8.710603188840105870e-01 7.592084498842950335e-01 5.118530328076288383e-01 3.243629024306663999e-01 1.631434041260985124e-01
2.854360902255639303e+02 9.394095671314182106e-01 7.941049020460246854e-01 5.147900693411057160e-01 2.988977571095254859e-01 1.409319340997647885e-01
2.855839598997493454e+02 1.169218733310141811e+00 1.026362658730298527e+00 6.677183374082757972e-01 3.798263963331152127e-01 1.929172132472079804e-01
2.857318295739348173e+02 1.425835854189851037e+00 1.215177791926047357e+00 8.008122642844044403e-01 3.839729247945572466e-01 2.226904344906907585e-01
2.858796992481202892e+02 1.525913730341220687e+00 1.335600904060685101e+00 8.174159479524226724e-01 4.176965913989043599e-01 2.264196595594416828e-01
2.860275689223057611e+02 1.631620996809141300e+00 1.389997749258448323e+00 9.071091579230708968e-01 4.543801788743725978e-01 2.951323040037973633e-01
2.861754385964912331e+02 1.736641374475710098e+00 1.474479760155612995e+00 9.803688313296055057e-01 5.419154290081615866e-01 3.322477345078023170e-01
2.863233082706767050e+02 1.904490205452236351e+00 1.576893794499766521e+00 1.159053465391499893e+00 7.138781888201843895e-01 5.348625849586561287e-01
2.864711779448621769e+02 1.988795826337792505e+00 1.728930383752685707e+00 1.379351824739587951e+00 1.028988069242117609e+00 8.992756204069516368e-01
2.866190476190475920e+02 1.899928742245736712e+00 1.727294358316589840e+00 1.407714874643414937e+00 1.162614305332663189e+00 1.053204162481968575e+00
2.867669172932330639e+02 1.931679159460625961e+00 1.681281514834830793e+00 1.447781596797765635e+00 1.216039364999584871e+00 1.115238762002466411e+00
2.869147869674185358e+02 2.203371716948816506e+00 1.964240152691832053e+00 1.644405274714643816e+00 1.317220029148689298e+00 1.182355065938581751e+00
2.870626566416040077e+02 2.608388506063974432e+00 2.263877749300148956e+00 1.909479177216467871e+00 1.596515722667138037e+00 1.403230535206150265e+00
2.872105263157894797e+02 2.754402158775352216e+00 2.474071008145068085e+00 2.098915108806469032e+00 1.733698450267920688e+00 1.636345477906881341e+00
2.873583959899749516e+02 2.851830414135840375e+00 2.561759515855592362e+00 2.160149554022513740e+00 1.885940747316867672e+00 1.737041721461082711e+00
2.875062656641604235e+02 2.901553682964604697e+00 2.624150273325855043e+00 2.259150110405404810e+00 1.930984264196279110e+00 1.805233482222486918e+00
2.876541353383458386e+02 3.037467310516701602e+00 2.777165380269043471e+00 2.346891791117081461e+00 2.005598378348971256e+00 1.855404656592489987e+00
2.878020050125313105e+02 3.255571663559306828e+00 2.908675071140859103e+00 2.449426262333291859e+00 2.015347754968103366e+00 1.851443534311240535e+00
2.879498746867167824e+02 3.247772921390200462e+00 2.931359338713580787e+00 2.427694572742669532e+00 2.031280806310009623e+00 1.918085973435337488e+00
2.880977443609022544e+02 3.047305755991356335e+00 2.728134327374564627e+00 2.297483881189581023e+00 1.983885611133140658e+00 1.832326798387663436e+00
2.882456140350877263e+02 2.833305700454492371e+00 2.571315439564850092e+00 2.203866088046562588e+00 1.895657455496977839e+00 1.783571892856857133e+00
2.883934837092731982e+02 2.597788932188684452e+00 2.366727875706976736e+00 2.065510244085596803e+00 1.841216057939383477e+00 1.739564884957142787e+00
2.885413533834586701e+02 2.512077047227150750e+00 2.223819192084271368e+00 2.031889841913461670e+00 1.796113900876550318e+00 1.763818559089163296e+00
2.886892230576440852e+02 2.428180649809471348e+00 2.213774737867904019e+00 1.994032227638744104e+00 1.816754305049077534e+00 1.765292941010991434e+00
2.888370927318295571e+02 2.405739855041074016e+00 2.202755901060009069e+00 1.991307741647358132e+00 1.813972575644733576e+00 1.786696810436519955e+00
2.889849624060150290e+02 2.400839512208190474e+00 2.181417926874968938e+00 2.048288921223025305e+00 1.871266373798495808e+00 1.796253125333989287e+00
2.891328320802005010e+02 2.440841369093236679e+00 2.239535741376417199e+00 2.061630224007061862e+00 1.898250960605520232e+00 1.881915635942950749e+00
2.892807017543859729e+02 2.508979757217177475e+00 2.254335590930438560e+00 2.097741834283235018e+00 1.969015328868398251e+00 1.940785383505957862e+00
2.894285714285714448e+02 2.514714907955837297e+00 2.319629883858305153e+00 2.152101355699609808e+00 2.016869230340438968e+00 2.037076518398850400e+00
2.895764411027569167e+02 2.476991445738128128e+00 2.337187230317464781e+00 2.223778171256408864e+00 2.113680417870229977e+00 2.075667398059415802e+00
2.897243107769423318e+02 2.501238054214548701e+00 2.292976634952821335e+00 2.202432108896307472e+00 2.162113589663526625e+00 2.159127853654059681e+00
2.898721804511278037e+02 2.451907801138326626e+00 2.272023459708358839e+00 2.214437237324719199e+00 2.203149369998155471e+00 2.214363653471810078e+00
2.900200501253132757e+02 2.438189533769079986e+00 2.244388834188558501e+00 2.229589629248684979e+00 2.224599661441970522e+00 2.266586647077025507e+00
2.901679197994987476e+02 2.403597589752179076e+00 2.282390050638182011e+00 2.231265000533690923e+00 2.235082242810995545e+00 2.308950280289844059e+00
2.903157894736842195e+02 2.422216009696023686e+00 2.282359181501156353e+00 2.265648546345187864e+00 2.289491757465811350e+00 2.289045484720253487e+00
2.904636591478696914e+02 2.447610626861209671e+00 2.319558157160909406e+00 2.341439171008647957e+00 2.278374582212919108e+00 2.339211247552865913e+00
2.906115288220551633e+02 2.462165983087838850e+00 2.335599302352407314e+00 2.331288959282360462e+00 2.330878250719458311e+00 2.368404727090789308e+00
2.907593984962405784e+02 2.497151949247197855e+00 2.373935076370399244e+00 2.376841604069624303e+00 2.350037974806798768e+00 2.391672075581538159e+00
2.909072681704260503e+02 2.533048871772199284e+00 2.437092354368866509e+00 2.396807283999352389e+00 2.404539921048746809e+00 2.451267474695971949e+00
2.910551378446115223e+02 2.610172491841776576e+00 2.498700156606701750e+00 2.486560213794711593e+00 2.496448338740072881e+00 2.507593620228825149e+00
2.912030075187969942e+02 2.645125268358226034e+00 2.551947592695364531e+00 2.512787484384301440e+00 2.521097684551894424e+00 2.564090564315514076e+00
2.913508771929824661e+02 2.697005978748836519e+00 2.592043085741294828e+00 2.597164454933631461e+00 2.580842808018782630e+00 2.606870019152051299e+00
2.914987468671679380e+02 2.713833680797702819e+00 2.612548862489367796e+00 2.619443312816807534e+00 2.600837960895938661e+00 2.669342871615121737e+00
2.916466165413534100e+02 2.797415380991720824e+00 2.639168662676586674e+00 2.613687597199811030e+00 2.633286899971842399e+00 2.700780816507468707e+00
2.917944862155388250e+02 2.762560869991692591e+00 2.649747165011695937e+00 2.670418357734642534e+00 2.666822330240817163e+00 2.721554704357983745e+00
2.919423558897242970e+02 2.792384449595230134e+00 2.707960277147102079e+00 2.642542373013479384e+00 2.685364944697900214e+00 2.734108427857642187e+00
2.920902255639097689e+02 2.769325955714466492e+00 2.673517658479507286e+00 2.675557394680048162e+00 2.710938607202819650e+00 2.732341009417683431e+00
2.922380952380952408e+02 2.769880474758543265e+00 2.694549375608830566e+00 2.687032216173635302e+00 2.687516072166884040e+00 2.739170909944681043e+00
2.923859649122807127e+02 2.723855588481076673e+00 2.676237333978052746e+00 2.691405947267854870e+00 2.711612428424897026e+00 2.752603349954116041e+00
2.925338345864661846e+02 2.770063437082624258e+00 2.658033050822047993e+00 2.677110281195727026e+00 2.721606252020674965e+00 2.794966992149383156e+00
2.926817042606515997e+02 2.742514993761817177e+00 2.641187545470188525e+00 2.665808650480997244e+00 2.728325080459528706e+00 2.787006646830571643e+00
2.928295739348370716e+02 2.744626569527505833e+00 2.643806699969346585e+00 2.677665830268281422e+00 2.703542632881853258e+00 2.825410426205246406e+00
2.929774436090225436e+02 2.714530685349262562e+00 2.665074861713117027e+00 2.664231465654731679e+00 2.758337558248175281e+00 2.805497512047284925e+00
2.931253132832080155e+02 2.708848701165890382e+00 2.623743994921961864e+00 2.670051496157628712e+00 2.737169883803625137e+00 2.802779007802055133e+00
2.932731829573934874e+02 2.690754360625810193e+00 2.595937223137901206e+00 2.677243163581471297e+00 2.727007046004159552e+00 2.826678799293370847e+00
2.934210526315789593e+02 2.656148597306498882e+00 2.631664330554998710e+00 2.648119617911913526e+00 2.703333750120934909e+00 2.810679818948129238e+00
2.935689223057644313e+02 2.630336700115980975e+00 2.590663460254444939e+00 2.639422989775804584e+00 2.716398732815179962e+00 2.834935576919077604e+00
2.937167919799499032e+02 2.625345555642869311e+00 2.562199559904489110e+00 2.608386023874271764e+00 2.734058430189890032e+00 2.797607428710888300e+00
2.938646616541353183e+02 2.662343857925443480e+00 2.565776935250037027e+00 2.637039962862641751e+00 2.719797136951870531e+00 2.806565210837895119e+00
2.940125313283207902e+02 2.591093093528561209e+00 2.513703083837330432e+00 2.624270007904624169e+00 2.703392097536822192e+00 2.790377199724573654e+00
2.941604010025062621e+02 2.563891252289641098e+00 2.543707914813326365e+00 2.603242170293736724e+00 2.687237972885213377e+00 2.776664413344025029e+00
2.943082706766917340e+02 2.546816114757879390e+00 2.497291906262907979e+00 2.592654489764220305e+00 2.703593018112528945e+00 2.819512727029346966e+00
2.944561403508772059e+02 2.566073977006137596e+00 2.507318807463563726e+00 2.577499470023957517e+00 2.691884793181189117e+00 2.793473334914554407e+00
2.946040100250626779e+02 2.506697343245165577e+00 2.455472102162230996e+00 2.574628089543642417e+00 2.674480567663494401e+00 2.802685513289056463e+00
2.947518796992480929e+02 2.490075610365403147e+00 2.483231308980097474e+00 2.547692369725650163e+00 2.675496578329010333e+00 2.776574027367681108e+00
2.948997493734335649e+02 2.494008394673090212e+00 2.451755837355053202e+00 2.576780731228561550e+00 2.643747194001151879e+00 2.800810915986566840e+00
2.950476190476190368e+02 2.511853087186616040e+00 2.433667393257998413e+00 2.544743822931334609e+00 2.667777996057048018e+00 2.797394485996966829e+00
2.951954887218045087e+02 2.427093206900602596e+00 2.410329654535080746e+00 2.556340889020335183e+00 2.659365565744260085e+00 2.788126429390059169e+00
2.953433583959899806e+02 2.409369724902083565e+00 2.373054352130734124e+00 2.539661903276619892e+00 2.690457928670909826e+00 2.757054108110326140e+00
2.954912280701754526e+02 2.420301878551643693e+00 2.382079004772121866e+00 2.493184209104205351e+00 2.642057120284856175e+00 2.779106980407266114e+00
2.956390977443609245e+02 2.426386028587546484e+00 2.340179127393859027e+00 2.483824752744087316e+00 2.644919217907008679e+00 2.749856712964585892e+00
2.957869674185463396e+02 2.355275317904364396e+00 2.349112744273182063e+00 2.498593106615846438e+00 2.654297833496717551e+00 2.778450827967298142e+00
2.959348370927318115e+02 2.366930702347715076e+00 2.308258910606365788e+00 2.508116358681960367e+00 2.645717198935618963e+00 2.751595709095214115e+00
2.960827067669172834e+02 2.367653431754287219e+00 2.321866303283743882e+00 2.499350050626589326e+00 2.636726878713275379e+00 2.766087746283176330e+00
2.962305764411027553e+02 2.310315240233699718e+00 2.296968656522285990e+00 2.495457075960621829e+00 2.633720332688174182e+00 2.755809188461706860e+00
2.963784461152882272e+02 2.295076185540108060e+00 2.313858687713482798e+00 2.454298778298005246e+00 2.629535884318957795e+00 2.740830362018623845e+00
2.965263157894736992e+02 2.299852563339163325e+00 2.307416704588954204e+00 2.436253186118454650e+00 2.617174888303258395e+00 2.743285958107013922e+00
2.966741854636591711e+02 2.324373809153173820e+00 2.255772553145548809e+00 2.460188995459872796e+00 2.620322008953227311e+00 2.722314910532518173e+00
2.968220551378445862e+02 2.275279688613237372e+00 2.302294080443583635e+00 2.441087229334682362e+00 2.640062363037931181e+00 2.731241684845389539e+00
2.969699248120300581e+02 2.259606084634006251e+00 2.250057727966811694e+00 2.462495350804715599e+00 2.584032550486450308e+00 2.712421867491232153e+00
2.971177944862155300e+02 2.250962337136987124e+00 2.241096250374789545e+00 2.416622682463699601e+00 2.594241788414406003e+00 2.771973114816011829e+00
2.972656641604010019e+02 2.231571435873406006e+00 2.233571766088791044e+00 2.404003846370604158e+00 2.582015135374384762e+00 2.758650797304375679e+00
2.974135338345864739e+02 2.225825853463790693e+00 2.225889670993685066e+00 2.396044817655717196e+00 2.571587568747471853e+00 2.736943180922832841e+00
2.975614035087719458e+02 2.232339038956195232e+00 2.211270479560717650e+00 2.392538571352727850e+00 2.560862833856509813e+00 2.715238517271852725e+00
2.977092731829574177e+02 2.228647620413125807e+00 2.194863757545462146e+00 2.388959990690910029e+00 2.547650621154212480e+00 2.698316518921328733e+00
2.978571428571428328e+02 2.215404109303751312e+00 2.207946286433308813e+00 2.376142627594011181e+00 2.552326809095795568e+00 2.687627497452544922e+00
2.980050125313283047e+02 2.201949185654791030e+00 2.220896483811907629e+00 2.372975284255480322e+00 2.562168756011926618e+00 2.682784281265081283e+00
2.981528822055137766e+02 2.188477686964228841e+00 2.221304120847403585e+00 2.369812447444851866e+00 2.570933523779078467e+00 2.676288732745149446e+00
2.983007518796992485e+02 2.174989575163982725e+00 2.221710517181276323e+00 2.366654091062630361e+00 2.560899316183309349e+00 2.670646440268892086e+00
2.984486215538847205e+02 2.167851210727390399e+00 2.222115678874410527e+00 2.367281775498158325e+00 2.544808100127112560e+00 2.666159246261594173e+00
2.985964912280701924e+02 2.200022916687331520e+00 2.222519611946812912e+00 2.380113033220774721e+00 2.527076981758953789e+00 2.661682398616270540e+00
2.987443609022556643e+02 2.196643532799007481e+00 2.219174851959097250e+00 2.357171327836632635e+00 2.510040934504210952e+00 2.637595015991456293e+00
2.988922305764410794e+02 2.185096253181224135e+00 2.177866880265462601e+00 2.338689750194911543e+00 2.503372476000002234e+00 2.613053693734272098e+00
2.990401002506265513e+02 2.173574607943526971e+00 2.124401023389645982e+00 2.332117860734837400e+00 2.543863269172200958e+00 2.598439968758652796e+00
2.991879699248120232e+02 2.162078546565086246e+00 2.105814458260883537e+00 2.325516387415008435e+00 2.540301675723623642e+00 2.585648155175364948e+00
2.993358395989974952e+02 2.147427089126872968e+00 2.106423477816389944e+00 2.318885240200053044e+00 2.534153160273866057e+00 2.577880432571860503e+00
2.994837092731829671e+02 2.113836790088647000e+00 2.107016933472279696e+00 2.306799230936387168e+00 2.498562085277060696e+00 2.572064229424594117e+00
2.996315789473684390e+02 2.092429963828367878e+00 2.106170454572811934e+00 2.288431205142455571e+00 2.480397000492728488e+00 2.566193468138997513e+00
2.997794486215539109e+02 2.091503057247115827e+00 2.086649629070243428e+00 2.268587816276840030e+00 2.468520144695995455e+00 2.560166836174964544e+00
2.999273182957393260e+02 2.090579527449014652e+00 2.055430997808102678e+00 2.248877136738634430e+00 2.429947799194760005e+00 2.554363469459091540e+00
3.000751879699247979e+02 2.089659375439204769e+00 2.037588607435197208e+00 2.244940730167013232e+00 2.408471810934921020e+00 2.537726887203697768e+00
3.002230576441102698e+02 2.088742602253673919e+00 2.030935996433041346e+00 2.241950773912729566e+00 2.410490809240519727e+00 2.529125817329373582e+00
3.003709273182957418e+02 2.071291335019540103e+00 2.024338495975003926e+00 2.238977423173798442e+00 2.408676239853769552e+00 2.522320667701840602e+00
3.005187969924812137e+02 2.020371223417162465e+00 2.017795413747031752e+00 2.220710063324734751e+00 2.400570490836728688e+00 2.515529014398849128e+00
3.006666666666666856e+02 2.002689450494989032e+00 2.011306068907470657e+00 2.199770848828592307e+00 2.393967610554834646e+00 2.512765618966819936e+00
3.008145363408521007e+02 1.997622979803137078e+00 2.010743972691094505e+00 2.173306823490498196e+00 2.394605442694242026e+00 2.513085228466017451e+00
3.009624060150375726e+02 1.992566011890080091e+00 2.023684119084147248e+00 2.177829191784107277e+00 2.395793812895903763e+00 2.506213834948382235e+00
3.011102756892230445e+02 1.987518519456624499e+00 2.034233213128287865e+00 2.182310324599471052e+00 2.397042525044254635e+00 2.489550731722878663e+00
3.012581453634085165e+02 1.982480475305948620e+00 2.036521594552299863e+00 2.186750360504991164e+00 2.388479612886655890e+00 2.475492362448558747e+00
3.014060150375939884e+02 1.979757244008126138e+00 2.038752717962143635e+00 2.190564797783408402e+00 2.379268893054874212e+00 2.468180896304545069e+00
3.015538847117794603e+02 1.981785261367464912e+00 2.040926995508909769e+00 2.190454909606182277e+00 2.350620037623417868e+00 2.460901402786500380e+00
3.017017543859649322e+02 1.993620162660322936e+00 2.032668012557180770e+00 2.170709419782487437e+00 2.343406805372846957e+00 2.449907525078744985e+00
3.018496240601504041e+02 1.985692555550254257e+00 2.019757608902434942e+00 2.147702933273805126e+00 2.340454576042261259e+00 2.440851437410453517e+00
3.019974937343358192e+02 1.976465843517099641e+00 1.976624853174594243e+00 2.145185595942871171e+00 2.345149292557012988e+00 2.433959592348057033e+00
3.021453634085212911e+02 1.967282503774294034e+00 1.959642911239531049e+00 2.142668329914583669e+00 2.346838436641779602e+00 2.417455833296523693e+00
3.022932330827067631e+02 1.958142233726095638e+00 1.964232116487540702e+00 2.140151133946515571e+00 2.339326603865684362e+00 2.408697635054404707e+00
3.024411027568922350e+02 1.935325410716485672e+00 1.968814876938499436e+00 2.140734911425099973e+00 2.316500622906348283e+00 2.399970954254796229e+00
3.025889724310777069e+02 1.926825644597187637e+00 1.973391221131295836e+00 2.144001755308644785e+00 2.292748518925443513e+00 2.388941882711201004e+00
3.027368421052631788e+02 1.929920741580716470e+00 1.968120801661558783e+00 2.118443361465284891e+00 2.281598537641781999e+00 2.370369281074669043e+00
3.028847117794485939e+02 1.929451503959631387e+00 1.916777234171556099e+00 2.093087233109458101e+00 2.265548248360155004e+00 2.351837707262151689e+00
3.030325814536340658e+02 1.928970623245503280e+00 1.881660261027775061e+00 2.085104003662992866e+00 2.251073466191430228e+00 2.339531976029836979e+00
3.031804511278195378e+02 1.928478066204130537e+00 1.876429981324165386e+00 2.079977267356845516e+00 2.244223905870914137e+00 2.327288682426461808e+00
3.033283208020050097e+02 1.920674302441626846e+00 1.878187039252511292e+00 2.074871033641903839e+00 2.233107629100715474e+00 2.319495550188841460e+00
3.034761904761904816e+02 1.873186028668360814e+00 1.879923031075394935e+00 2.051048116408166866e+00 2.206406232214188634e+00 2.312400383306686180e+00
3.036240601503759535e+02 1.831669181461484941e+00 1.875220276587914903e+00 2.012121329919012602e+00 2.181307158228024345e+00 2.299530383949718537e+00
3.037719298245614254e+02 1.831268279521220288e+00 1.851533525097870614e+00 1.980185064883877466e+00 2.171842515726952971e+00 2.279169208405326330e+00
3.039197994987468405e+02 1.830911511220024712e+00 1.831312641929113916e+00 1.967079424765201923e+00 2.154958232211033220e+00 2.257935093413343974e+00
3.040676691729323124e+02 1.830598956752093498e+00 1.828893497766580944e+00 1.967616552550589981e+00 2.138018968697514399e+00 2.234601751724936580e+00
3.042155388471177844e+02 1.830330701723316800e+00 1.825785238526792975e+00 1.968121738481651173e+00 2.126534474572645550e+00 2.211814504444973295e+00
3.043634085213032563e+02 1.820070658004439013e+00 1.822709728896170223e+00 1.968595045697321799e+00 2.107291456112081462e+00 2.190607788623045504e+00
3.045112781954887282e+02 1.785757121102840017e+00 1.819667018101426281e+00 1.958516227742164828e+00 2.080021236254875117e+00 2.169480544915960873e+00
3.046591478696742001e+02 1.756907026935237814e+00 1.814421716799968332e+00 1.902021156604071006e+00 2.059864507521655952e+00 2.158064686109135710e+00
3.048070175438596721e+02 1.749739720461930936e+00 1.796601204572542798e+00 1.873704695225846484e+00 2.048443952151567604e+00 2.148228155684757557e+00
3.049548872180450871e+02 1.744694488232777285e+00 1.768838458492186128e+00 1.870794755764629169e+00 2.033803335308382199e+00 2.127331614213937794e+00
3.051027568922305591e+02 1.739658003855208523e+00 1.750552217487983286e+00 1.867863474656882739e+00 2.017933987759035652e+00 2.101015688365444944e+00
3.052506265664160310e+02 1.734630181977620644e+00 1.747605385366789221e+00 1.864910654880611141e+00 2.011098167559511651e+00 2.077310232984711735e+00
3.053984962406015029e+02 1.730190761264585486e+00 1.744602046208792778e+00 1.861114167790784091e+00 1.986651860560195715e+00 2.056384959646349930e+00
3.055463659147869748e+02 1.713935897984761869e+00 1.741542218579657630e+00 1.855627043477706906e+00 1.960069122760994320e+00 2.036348620931651254e+00
3.056942355889724467e+02 1.716225735027261390e+00 1.721082726560343223e+00 1.832034275370049370e+00 1.944024060953070787e+00 2.022145675085445848e+00
3.058421052631579187e+02 1.713750736379905826e+00 1.709820135471197045e+00 1.804156721207240466e+00 1.936935504837832944e+00 2.007974114422077516e+00
3.059899749373433337e+02 1.711286580923279343e+00 1.672112572598614344e+00 1.789466125420641651e+00 1.932794130827553802e+00 1.977397112434163828e+00
3.061378446115288057e+02 1.708833370080240721e+00 1.665960063179130035e+00 1.778834459580403760e+00 1.926085116441358824e+00 1.952433209522198787e+00
3.062857142857142776e+02 1.696979740972796691e+00 1.674552913285473954e+00 1.768232707088677191e+00 1.915065882173055289e+00 1.931268996761732915e+00
3.064335839598997495e+02 1.659289467873406920e+00 1.683123046737480699e+00 1.757660735883543879e+00 1.895735888138010417e+00 1.910166409968597545e+00
3.065814536340852214e+02 1.650846395109695441e+00 1.685333810660906817e+00 1.771037600347498797e+00 1.880676754132283079e+00 1.900719112560492530e+00
3.067293233082706934e+02 1.650279670051389536e+00 1.659822933210698181e+00 1.770126171254162717e+00 1.866230354226542820e+00 1.908382734465351671e+00
3.068771929824561653e+02 1.649718158304682269e+00 1.621186861614803298e+00 1.752219496495906137e+00 1.838587117839884044e+00 1.883324067012197567e+00
3.070250626566415804e+02 1.649161933797818058e+00 1.607890907244149625e+00 1.736392226443900233e+00 1.810067199336255817e+00 1.852262158434594630e+00
3.071729323308270523e+02 1.648611072431707791e+00 1.611639672344492347e+00 1.720632414932920184e+00 1.795884353410979406e+00 1.821849489425817037e+00
3.073208020050125242e+02 1.639790073246605084e+00 1.615447750960702145e+00 1.704939492838997817e+00 1.780676025909041504e+00 1.795825178726194737e+00
3.074686716791979961e+02 1.601858013407982284e+00 1.619315810259331467e+00 1.680233619690173485e+00 1.759799269206609562e+00 1.769894630491077647e+00
3.076165413533834680e+02 1.567117502446730315e+00 1.623244535919699416e+00 1.649504815452920825e+00 1.743009080147819523e+00 1.779683997582915289e+00
3.077644110275689400e+02 1.562723517837860010e+00 1.586240480118048746e+00 1.629055950970153877e+00 1.731049713700535619e+00 1.786677658018168691e+00
3.079122807017544119e+02 1.563934817545623357e+00 1.526671717263941908e+00 1.617237050623670180e+00 1.703680951862695858e+00 1.765402409405261386e+00
3.080601503759398270e+02 1.565141198025612246e+00 1.533847690976226641e+00 1.613871050470998325e+00 1.678687995261405996e+00 1.743284349059335492e+00
3.082080200501252989e+02 1.566342670169354578e+00 1.541101985010234987e+00 1.610540493111636495e+00 1.671472787234581370e+00 1.722632687022339848e+00
3.083558897243107708e+02 1.564458808477628748e+00 1.548436563375883424e+00 1.607245463257300777e+00 1.649521001224757422e+00 1.703753894644194133e+00
3.085037593984962427e+02 1.527214864373331649e+00 1.555853451257781961e+00 1.592607722438220241e+00 1.624233218124640166e+00 1.684948750622030200e+00
3.086516290726817147e+02 1.492185457834750428e+00 1.563354737446635889e+00 1.556570914245503312e+00 1.606616698884106409e+00 1.661139030086531632e+00
3.087994987468671866e+02 1.495719593263124647e+00 1.512797103865277659e+00 1.532802470348408885e+00 1.589631342225877875e+00 1.637239068378596007e+00
3.089473684210526017e+02 1.499220526326196623e+00 1.474960847102273709e+00 1.521397676270822785e+00 1.570908724495008846e+00 1.614202809461822818e+00
3.090952380952380736e+02 1.502687748609719653e+00 1.458589504251712299e+00 1.515772213930727252e+00 1.559377183099791564e+00 1.590617036132631501e+00
3.092431077694235455e+02 1.503214028405740921e+00 1.456418663400030233e+00 1.510174480990007062e+00 1.547908077236952007e+00 1.574138573529579421e+00
3.093909774436090174e+02 1.477806728618225263e+00 1.454169634773605724e+00 1.502560083291415882e+00 1.536500512276294028e+00 1.561215325041373614e+00
3.095388471177944893e+02 1.445422179885969882e+00 1.449522195581085082e+00 1.493983994116657055e+00 1.525102874210120252e+00 1.554225473130566249e+00
3.096867167919799613e+02 1.443872905856533828e+00 1.426211147723129624e+00 1.475884135087440097e+00 1.517133285052186586e+00 1.560176922144573375e+00
3.098345864661654332e+02 1.442386979745444053e+00 1.404078626118257622e+00 1.454702077492747714e+00 1.526521671894710774e+00 1.545626487264241122e+00
3.099824561403509051e+02 1.440965030943335945e+00 1.407743216811864873e+00 1.446036957980027182e+00 1.539322330311758469e+00 1.521023985399154066e+00
3.101303258145363202e+02 1.439607713820822310e+00 1.413152494260008440e+00 1.437933076593718829e+00 1.534192446104331697e+00 1.505895398027424559e+00
3.102781954887217921e+02 1.438315708506120227e+00 1.418623537419323455e+00 1.429842898213022684e+00 1.518191801951885411e+00 1.493157695910667826e+00
3.104260651629072640e+02 1.431142465417508225e+00 1.424157562181299630e+00 1.437850549350954577e+00 1.496539406932108518e+00 1.480457687838007574e+00
3.105739348370927360e+02 1.424375339836833732e+00 1.429755815751225123e+00 1.443618158769553350e+00 1.476771229706904220e+00 1.493293978281050816e+00
3.107218045112782079e+02 1.426328166540689502e+00 1.421246887592718000e+00 1.413847063454748643e+00 1.466003413029186131e+00 1.512549126776732145e+00
3.108696741854636798e+02 1.428301983880736481e+00 1.406379354843079410e+00 1.413209009635183255e+00 1.464389292798481401e+00 1.496096420452216025e+00
3.110175438596490949e+02 1.430297129783801857e+00 1.393366935182182687e+00 1.412588053062241000e+00 1.482758310322649375e+00 1.479551573216077109e+00
3.111654135338345668e+02 1.432313949483482451e+00 1.390546176660102828e+00 1.411984504000079355e+00 1.472040817329628437e+00 1.464065077883500710e+00
3.113132832080200387e+02 1.422419758048451000e+00 1.387623898295143876e+00 1.410225784936698812e+00 1.457517012958458702e+00 1.451004931451375102e+00
3.114611528822055107e+02 1.396404540540737038e+00 1.384600120330220951e+00 1.398194250460926380e+00 1.441509720215088830e+00 1.437997848724916539e+00
3.116090225563909826e+02 1.378839297279712550e+00 1.370461120187603132e+00 1.385556683582127802e+00 1.429080464121576854e+00 1.434180551736977893e+00
3.117568922305764545e+02 1.377300125536921493e+00 1.361282397537699973e+00 1.372135406229588739e+00 1.418371710779694483e+00 1.431432200921851861e+00
3.119047619047619264e+02 1.375809693787902743e+00 1.348075649337151960e+00 1.364690738696962446e+00 1.405273428737873198e+00 1.422536027821595273e+00
3.120526315789473415e+02 1.374313407441817292e+00 1.339267683749057358e+00 1.362365359719601710e+00 1.394035818972818808e+00 1.413158290185799748e+00
3.122005012531328134e+02 1.372811203874331420e+00 1.341513210668355383e+00 1.360078311073011470e+00 1.388669432368217382e+00 1.406753188662454690e+00
3.123483709273182853e+02 1.365397624398593246e+00 1.343745192463649873e+00 1.354512675157626855e+00 1.377684376550733614e+00 1.400360046459591112e+00
3.124962406015037573e+02 1.346569181316702446e+00 1.345963536414386708e+00 1.344270282170962227e+00 1.366236031426212083e+00 1.393965032949012084e+00
3.126441102756892292e+02 1.342451088881172927e+00 1.326308023037553019e+00 1.330427278084786336e+00 1.361345461738004081e+00 1.387532093010750867e+00
3.127919799498747011e+02 1.338334938720947775e+00 1.317214435210010581e+00 1.320255333108301343e+00 1.359514763861122910e+00 1.380424586171586032e+00
3.129398496240601730e+02 1.334220684564328741e+00 1.329285378723559896e+00 1.317344839109952037e+00 1.358130549171320034e+00 1.363553808048311833e+00
3.130877192982455881e+02 1.330108279639001800e+00 1.329446523418657433e+00 1.315374629872666512e+00 1.353297653385323596e+00 1.346759552625895751e+00
3.132355889724310600e+02 1.323517393220683624e+00 1.325631960607657200e+00 1.313399936145066560e+00 1.346358247688271836e+00 1.334978064478027582e+00
3.133834586466165320e+02 1.327546335126719601e+00 1.321826537260317957e+00 1.318909443972132500e+00 1.333197044516523544e+00 1.324117160985791575e+00
3.135313283208020039e+02 1.341032878799584438e+00 1.312532043784087277e+00 1.324024499484413031e+00 1.314386175054765848e+00 1.337447162726677963e+00
3.136791979949874758e+02 1.348222605380032579e+00 1.294996492142868494e+00 1.313809550512743174e+00 1.311107177232862409e+00 1.347218034628433259e+00
3.138270676691729477e+02 1.342764640258430120e+00 1.303899085271959191e+00 1.309917335293119489e+00 1.330045641737302109e+00 1.335726555718896424e+00
3.139749373433584196e+02 1.337324676160305259e+00 1.329364896735247825e+00 1.307336675180804653e+00 1.349155702790884037e+00 1.320574760583154150e+00
3.141228070175438347e+02 1.331902627345127099e+00 1.328844179755293009e+00 1.304745324574143606e+00 1.344272397927069873e+00 1.304150220351527611e+00
3.142706766917293066e+02 1.317233591250682512e+00 1.328324249368990406e+00 1.302143240870920815e+00 1.329689909356200239e+00 1.293647684243325990e+00
3.144185463659147786e+02 1.302413155895562280e+00 1.327805108884281493e+00 1.304377650950771628e+00 1.310804644104428540e+00 1.283184496232827820e+00
3.145664160401002505e+02 1.310450998657980204e+00 1.313348283130285843e+00 1.303007778570482778e+00 1.296385109880041631e+00 1.296829720621238469e+00
3.147142857142857224e+02 1.315064360765482832e+00 1.289714795387079560e+00 1.288146488449286808e+00 1.295766991562228521e+00 1.316843997289107504e+00
3.148621553884711943e+02 1.317859529372981786e+00 1.284692420129111667e+00 1.279153778240828654e+00 1.309006944500464620e+00 1.314309057159957828e+00
3.150100250626566094e+02 1.320654310930466036e+00 1.284568363630880006e+00 1.277178569180984713e+00 1.318728568959212755e+00 1.300672149855774506e+00
3.151578947368420813e+02 1.323401578697541936e+00 1.292180111841587875e+00 1.275224797138061916e+00 1.312248813122159685e+00 1.289593302107483019e+00
3.153057644110275533e+02 1.309137703790940854e+00 1.299771510688439546e+00 1.272076137136179730e+00 1.298690016309575368e+00 1.281444056252157404e+00
3.154536340852130252e+02 1.311624348770272563e+00 1.307342477418638627e+00 1.266111483699365214e+00 1.284125429399845197e+00 1.273307601851759507e+00
3.156015037593984971e+02 1.305701323709020256e+00 1.298712247141938558e+00 1.259804286984180788e+00 1.277205623859907435e+00 1.269135920453356769e+00
3.157493734335839690e+02 1.298834025868480291e+00 1.251685786427458202e+00 1.247076557955803411e+00 1.267968876077226748e+00 1.271753054429316965e+00
3.158972431077694409e+02 1.291972610090312834e+00 1.231920459888792951e+00 1.243854996766802445e+00 1.256096960755262559e+00 1.262195131888331323e+00
3.160451127819549129e+02 1.285117088461025903e+00 1.234193424441889730e+00 1.243589287190670412e+00 1.249691188122398655e+00 1.252132819911460082e+00
3.161929824561403279e+02 1.276011767090244220e+00 1.236473499060253500e+00 1.243319219583187030e+00 1.247697279420921346e+00 1.247480596008743614e+00
3.163408521303257999e+02 1.263620048735482948e+00 1.238760695644380405e+00 1.243044814619222560e+00 1.238038702741863784e+00 1.244176105830222756e+00
3.164887218045112718e+02 1.255467680406094688e+00 1.241055026233253367e+00 1.239314537246121839e+00 1.229031108454594623e+00 1.244148909337415621e+00
3.166365914786967437e+02 1.255345242961176666e+00 1.240893403604219403e+00 1.224056253249927062e+00 1.230379271425546150e+00 1.247871905269162918e+00
3.167844611528822156e+02 1.253065548688116593e+00 1.248608355265384606e+00 1.222426888559857483e+00 1.230401375230303351e+00 1.239378578194515024e+00
3.169323308270676876e+02 1.250794842128646334e+00 1.257452842359584322e+00 1.223151643095513830e+00 1.223467958661401012e+00 1.227053472432328540e+00
3.170802005012531026e+02 1.248533066743060083e+00 1.247959790600917884e+00 1.223870413794466261e+00 1.222491433851107923e+00 1.215452368647038428e+00
3.172280701754385746e+02 1.237651475651703414e+00 1.238531810372772712e+00 1.224583206094906229e+00 1.217390167351830144e+00 1.209403492671598856e+00
3.173759398496240465e+02 1.231878835502823177e+00 1.229131302329985242e+00 1.221680466672817378e+00 1.205686319574636567e+00 1.203363926660974137e+00
3.175238095238095184e+02 1.232210452848575555e+00 1.217285424259504145e+00 1.213745614704134335e+00 1.197302633789335102e+00 1.211639419543251606e+00
3.176716791979949903e+02 1.231938238760658999e+00 1.205495424568411300e+00 1.202549063459714906e+00 1.198230518356115271e+00 1.226553918282959676e+00
3.178195488721804622e+02 1.229117725406623451e+00 1.198156441286141849e+00 1.195428797110918762e+00 1.205632812304712864e+00 1.228249641196874187e+00
3.179674185463659342e+02 1.226307298878068996e+00 1.197964930123056382e+00 1.194731477535513786e+00 1.212069266994710848e+00 1.220315190553441509e+00
3.181152882205514061e+02 1.223506906154111062e+00 1.196079277024508336e+00 1.194039224837560864e+00 1.204887702163004226e+00 1.217073114283154567e+00
3.182631578947368212e+02 1.215698002586544924e+00 1.194196651739686921e+00 1.193351998118860502e+00 1.193732113298888065e+00 1.213838564625835614e+00
3.184110275689222931e+02 1.221476536458763862e+00 1.192317073157673102e+00 1.194267520450339681e+00 1.182654654488137558e+00 1.210966120901469267e+00
3.185588972431077650e+02 1.217163156076955133e+00 1.178251743171327526e+00 1.197493525580851204e+00 1.175169272411037413e+00 1.213930628441143078e+00
3.187067669172932369e+02 1.210250011250415536e+00 1.162050515752957924e+00 1.186777893370495329e+00 1.178735399021221486e+00 1.216891609611324254e+00
3.188546365914787089e+02 1.203348377446424866e+00 1.162336456950432639e+00 1.184390715878668843e+00 1.189035450764360125e+00 1.209977338603519303e+00
3.190025062656641808e+02 1.196458227724202406e+00 1.165048240727882822e+00 1.186450040279984464e+00 1.194834359366823362e+00 1.201126043710879276e+00
3.191503759398495959e+02 1.188517185921727393e+00 1.166427067862019884e+00 1.188505855380519671e+00 1.193571450828674996e+00 1.195365435383933805e+00
3.192982456140350678e+02 1.181678914146109705e+00 1.167801587854384815e+00 1.182893014556310129e+00 1.189037886007454858e+00 1.191133312353626739e+00
3.194461152882205397e+02 1.184253970074634621e+00 1.166974438650040913e+00 1.167892241769703077e+00 1.174805826376139617e+00 1.184937654272984808e+00
3.195939849624060116e+02 1.190870865351662200e+00 1.154196692919929657e+00 1.148394625087466148e+00 1.174333155599513789e+00 1.175026088273127378e+00
3.197418546365914835e+02 1.186275587510271734e+00 1.141681209907226657e+00 1.135287541234207387e+00 1.169079007661429470e+00 1.168744272055240785e+00
3.198897243107769555e+02 1.181702984617117647e+00 1.145525603084188271e+00 1.127457120190575646e+00 1.162245739141545942e+00 1.160730776656698104e+00
3.200375939849624274e+02 1.177152880247385847e+00 1.151934403050658640e+00 1.126164844561912792e+00 1.163020521379843908e+00 1.148789951203577075e+00
3.201854636591478993e+02 1.166231932787974879e+00 1.158497338295102486e+00 1.124870695390586928e+00 1.163148877030100614e+00 1.143993570260789072e+00
3.203333333333333144e+02 1.135518121426817517e+00 1.165058248573467070e+00 1.149047613532908407e+00 1.156139245326263110e+00 1.139201745142610855e+00
3.204812030075187863e+02 1.129561307846717044e+00 1.164245074988451867e+00 1.171528931717891631e+00 1.151838660751531185e+00 1.147291761187878567e+00
3.206290726817042582e+02 1.133795785109560139e+00 1.151464970397123588e+00 1.161479626241907148e+00 1.153337146262189306e+00 1.163631851704247877e+00
3.207769423558897302e+02 1.138032346420132512e+00 1.156540450022321531e+00 1.160616124314803654e+00 1.144181341219821402e+00 1.166999741297745752e+00
3.209248120300752021e+02 1.142270986995850723e+00 1.161136391550761093e+00 1.159757749606233013e+00 1.135141360596536586e+00 1.155014139121034678e+00
3.210726817042606740e+02 1.146511702068695460e+00 1.157062577995535024e+00 1.158904476920214144e+00 1.135982763026466946e+00 1.144475217850511539e+00
3.212205513784460891e+02 1.135588753911277893e+00 1.153011912162147157e+00 1.155794472747091906e+00 1.136821875655857905e+00 1.138553561284085358e+00
3.213684210526315610e+02 1.127387800618515179e+00 1.146714815457856806e+00 1.138607453940986725e+00 1.129131904688528643e+00 1.132649235200860582e+00
3.215162907268170329e+02 1.129599282742375088e+00 1.130764551280859731e+00 1.116343769492412319e+00 1.125603940586447971e+00 1.147191435983510921e+00
3.216641604010025048e+02 1.131519432643988798e+00 1.114944193376778081e+00 1.108535857665916557e+00 1.127897775139767633e+00 1.163466802159242031e+00
3.218120300751879768e+02 1.133423149270208485e+00 1.118209508632828086e+00 1.104084749073670491e+00 1.131682705712584669e+00 1.160385662331002266e+00
3.219598997493734487e+02 1.135317229267071237e+00 1.123072224847510681e+00 1.102996972722551705e+00 1.134078535638774810e+00 1.151136745298199315e+00
3.221077694235589206e+02 1.136504918344628301e+00 1.127917838858480737e+00 1.101912571301650212e+00 1.132980757275486416e+00 1.145975370837119423e+00
3.222556390977443357e+02 1.132663955452676507e+00 1.132746447989240401e+00 1.100831533051205735e+00 1.123642263292585097e+00 1.143460049523475908e+00
3.224035087719298076e+02 1.149611568328914313e+00 1.137558148802447100e+00 1.117290232679183815e+00 1.114234956359677398e+00 1.136494064931841352e+00
3.225513784461152795e+02 1.142153565149696348e+00 1.127883641288584426e+00 1.131825318267641878e+00 1.113360137084653090e+00 1.112331632304518036e+00
3.226992481203007515e+02 1.135426919195838602e+00 1.101495529369640458e+00 1.118971628081726566e+00 1.120663647339139146e+00 1.090595755201016370e+00
3.228471177944862234e+02 1.128690559368028090e+00 1.085110943561797159e+00 1.115077080325069359e+00 1.128346086913884827e+00 1.091070191998139816e+00
3.229949874686716953e+02 1.121944635243045552e+00 1.091391070087791126e+00 1.111195187928626815e+00 1.132538672278210257e+00 1.091526675417606507e+00
3.231428571428571104e+02 1.116635135522062727e+00 1.100967637059417026e+00 1.107325867729145097e+00 1.133253814433007323e+00 1.096115795984221375e+00
3.232907268170425823e+02 1.108984931808707497e+00 1.110512674181951098e+00 1.115001074372318657e+00 1.124987036609883306e+00 1.101409903036069338e+00
3.234385964912280542e+02 1.097981363442269265e+00 1.115874706760353829e+00 1.124828104800683182e+00 1.117898323702765540e+00 1.100672540861407978e+00
3.235864661654135261e+02 1.096422890664970895e+00 1.109657766690336667e+00 1.118367464605153128e+00 1.120100820680793197e+00 1.094031704503061420e+00
3.237343358395989981e+02 1.093383604159588796e+00 1.115496026160455845e+00 1.106801396959103068e+00 1.113276616095334681e+00 1.092134825750067373e+00
3.238822055137844700e+02 1.090360008473030939e+00 1.119239595607075755e+00 1.103837254983924154e+00 1.106388948296989305e+00 1.085255473818941718e+00
3.240300751879699419e+02 1.087351974352010142e+00 1.117562227422684629e+00 1.100869735517358894e+00 1.108771286816371271e+00 1.085038883972325507e+00
3.241779448621554138e+02 1.084359374006411469e+00 1.115902028150139724e+00 1.097978928373035012e+00 1.108421612278996049e+00 1.084870972982263648e+00
3.243258145363408289e+02 1.068490282762761590e+00 1.114258856335984538e+00 1.099785532096712926e+00 1.103305817944596923e+00 1.084703330999570836e+00
3.244736842105263008e+02 1.060991943163324569e+00 1.104139370278739429e+00 1.096242967788691347e+00 1.102157962604955355e+00 1.090669066314422508e+00
3.246215538847117728e+02 1.062676889456383389e+00 1.083062746961582778e+00 1.093218389823187975e+00 1.106577910657146502e+00 1.097816898967321597e+00
3.247694235588972447e+02 1.065662397491432767e+00 1.080383142134998087e+00 1.094505015431713302e+00 1.098614128698751413e+00 1.098568280193521263e+00
3.249172932330827166e+02 1.068641964106755493e+00 1.085863714406916536e+00 1.100127877329928117e+00 1.100699565266878510e+00 1.097318604277703002e+00
3.250651629072681885e+02 1.071615614033637920e+00 1.091356417892757280e+00 1.105746914196919173e+00 1.102934580834586953e+00 1.098049219210952554e+00
3.252130325814536036e+02 1.071501541544751746e+00 1.096861447956997360e+00 1.094155146416019075e+00 1.094156248585528068e+00 1.101003859223208980e+00
3.253609022556390755e+02 1.072071974420393259e+00 1.102378999933385506e+00 1.079138908136457520e+00 1.089694146746079895e+00 1.101948599011200125e+00
3.255087719298245474e+02 1.072326040163029681e+00 1.106422723149772747e+00 1.057636161487761406e+00 1.090893071097784661e+00 1.087227038978694660e+00
3.256566416040100194e+02 1.073717696850187142e+00 1.070969813600535447e+00 1.050314542942692109e+00 1.086683073532369592e+00 1.072483000045163282e+00
3.258045112781954913e+02 1.075096731258551319e+00 1.045010932249932578e+00 1.053381546488427301e+00 1.079766501698003589e+00 1.068726928479549976e+00
3.259523809523809632e+02 1.076463180982005330e+00 1.045805283750845360e+00 1.059471007917772045e+00 1.076379474963574001e+00 1.065190994004012959e+00
3.261002506265664351e+02 1.073501505180784577e+00 1.056653082176276071e+00 1.065577705707234868e+00 1.075997603798172442e+00 1.064959684234244364e+00
3.262481203007519071e+02 1.062788982836490259e+00 1.067450268253575807e+00 1.074634204657616499e+00 1.068300637199015135e+00 1.065765187283675086e+00
3.263959899749373221e+02 1.067106234896878947e+00 1.074583477181972668e+00 1.071241999584166882e+00 1.060717192357991223e+00 1.064548270867998969e+00
3.265438596491227941e+02 1.071878339058384810e+00 1.065791741847148089e+00 1.055289966643110811e+00 1.061030140152393386e+00 1.060355904105150460e+00
3.266917293233082660e+02 1.075919470066753370e+00 1.063040437994609677e+00 1.051468808538324362e+00 1.066976409628773492e+00 1.055855273758897539e+00
3.268395989974937379e+02 1.079943730789540091e+00 1.061743902050382493e+00 1.048895690794096058e+00 1.069933443476395407e+00 1.050284384479817534e+00
3.269874686716792098e+02 1.083951245316871592e+00 1.061849327183747915e+00 1.046319360370561613e+00 1.071239074186728590e+00 1.045329661718241265e+00
3.271353383458646817e+02 1.082919776649845289e+00 1.061957898112906307e+00 1.043739811625264746e+00 1.065659115135813462e+00 1.045278257584582482e+00
3.272832080200500968e+02 1.073972160022291344e+00 1.062069604457115624e+00 1.061957335707915950e+00 1.060123275800952891e+00 1.045226980391612770e+00
3.274310776942355687e+02 1.034846368164559882e+00 1.055927502536485596e+00 1.078290148815354010e+00 1.056281250917737502e+00 1.049724792371554027e+00
3.275789473684210407e+02 1.028173443155288691e+00 1.048905165097145264e+00 1.072969099949586669e+00 1.056450712316674201e+00 1.056379595696361307e+00
3.277268170426065126e+02 1.031950937811976665e+00 1.051840367776139207e+00 1.063702139053402718e+00 1.053441764474112530e+00 1.057675211009859284e+00
3.278746867167919845e+02 1.035719846274204103e+00 1.052101599841646307e+00 1.059187439182667223e+00 1.051228174085226730e+00 1.054379091762629450e+00
3.280225563909774564e+02 1.039480196483572705e+00 1.052347751215365834e+00 1.054677508030334110e+00 1.059093130153702766e+00 1.052444700288102775e+00
3.281704260651629284e+02 1.043232016269662665e+00 1.052578856367966109e+00 1.051960304785878764e+00 1.059963860274962144e+00 1.052884939720986957e+00
3.283182957393484003e+02 1.026096567132551263e+00 1.052794949515738487e+00 1.058608409628252423e+00 1.058458395577166700e+00 1.053325101637004213e+00
3.284661654135338154e+02 1.025493364549694419e+00 1.052996064622108152e+00 1.054199479866377409e+00 1.062939375963637856e+00 1.052117422439073913e+00
3.286140350877192873e+02 1.030617532982406770e+00 1.040702209119998667e+00 1.043229145246465706e+00 1.060600086689353683e+00 1.050870610645786130e+00
3.287619047619047592e+02 1.035750004376435385e+00 1.044198084729291098e+00 1.041005853270327464e+00 1.048995801540820949e+00 1.049646432846058852e+00
3.289097744360902311e+02 1.040890787147628949e+00 1.053333933465053329e+00 1.044027094020244517e+00 1.042701740328295656e+00 1.048499573417305930e+00
3.290576441102757030e+02 1.043734508366137570e+00 1.059795279523008338e+00 1.047055595348471924e+00 1.047326582511856952e+00 1.050196281670159326e+00
3.292055137844611750e+02 1.038719010760815298e+00 1.066241118119920506e+00 1.047637266231106201e+00 1.036036643553529091e+00 1.053366805941568174e+00
3.293533834586465900e+02 1.036071254399257624e+00 1.071441703721156546e+00 1.043685003537327738e+00 1.034760230916613288e+00 1.052444621837342442e+00
3.295012531328320620e+02 1.043149561467275888e+00 1.062586434932445867e+00 1.027912691377101062e+00 1.037850286482718598e+00 1.042220308218957392e+00
3.296491228070175339e+02 1.047625794834167623e+00 1.046243306790548777e+00 1.015746744362825860e+00 1.041811284954740513e+00 1.043700534585668249e+00
3.297969924812030058e+02 1.052084972356810200e+00 1.016371544853579056e+00 1.014714746712619631e+00 1.045790176803356619e+00 1.040338387636972062e+00
3.299448621553884777e+02 1.056527186790032324e+00 1.023092873443202766e+00 1.014188732639210277e+00 1.044314016937953893e+00 1.036366336527701160e+00
3.300927318295739497e+02 1.055829921962624596e+00 1.034364770349561979e+00 1.013663190324119778e+00 1.038276293975687770e+00 1.037486700991931965e+00
3.302406015037594216e+02 1.039601050321680820e+00 1.045675362284712584e+00 1.032028874933407225e+00 1.028657585754218395e+00 1.038607654233432598e+00
3.303884711779448367e+02 1.027701692640122566e+00 1.048993089442743276e+00 1.053909444709584697e+00 1.020145598893140493e+00 1.036559360975204624e+00
3.305363408521303086e+02 1.026247593751481446e+00 1.037496186603138471e+00 1.048710096277067683e+00 1.016980998513908885e+00 1.032248844544361610e+00
3.306842105263157805e+02 1.031121179519881581e+00 1.022966602880931664e+00 1.033835332684024166e+00 1.022351803803164483e+00 1.027268215134051754e+00
3.308320802005012524e+02 1.035985399788562411e+00 1.022361635677954350e+00 1.029089447203963115e+00 1.027756194746389795e+00 1.021585686614177479e+00
3.309799498746867243e+02 1.040840233834474882e+00 1.021769434697343826e+00 1.024333911196810609e+00 1.030638363431200411e+00 1.017407977684266385e+00
3.311278195488721963e+02 1.030307309069232513e+00 1.021168620823103890e+00 1.021783233234344168e+00 1.029675288407927880e+00 1.016602693311670746e+00
3.312756892230576113e+02 1.006761585125504732e+00 1.020559110940902015e+00 1.029825732113955672e+00 1.011614307409154145e+00 1.015799273191783980e+00
3.314235588972430833e+02 1.004494584534782575e+00 1.011970029602467624e+00 1.030084733251122930e+00 1.010727884739288429e+00 1.016284787648025212e+00
3.315714285714285552e+02 1.009402903487322867e+00 1.007930625890038012e+00 1.020688065571678127e+00 1.016882796232771335e+00 1.029055509034789928e+00
3.317192982456140271e+02 1.014326022200013000e+00 1.015586811878039564e+00 1.015977478426628000e+00 1.033009981717387005e+00 1.031562969458525991e+00
3.318671679197994990e+02 1.019264014412807562e+00 1.021528932362400610e+00 1.014514012203312943e+00 1.044310687858670095e+00 1.023301517253582205e+00
3.320150375939849710e+02 1.024216954369561616e+00 1.019062798325570007e+00 1.013051418162032702e+00 1.042097876425836844e+00 1.019376225225563370e+00
3.321629072681704429e+02 1.019893372122837372e+00 1.016603057588140846e+00 1.008563928779954155e+00 1.031508104179340579e+00 1.019279767809881276e+00
3.323107769423559148e+02 1.010051331715366096e+00 1.014149684922644346e+00 9.992695934368164279e-01 1.020132946437811494e+00 1.019919559322945979e+00
3.324586466165413299e+02 1.007433167761658588e+00 1.005988684550303658e+00 9.896246982185500363e-01 1.015774519778641860e+00 1.023382524142796735e+00
3.326065162907268018e+02 1.009500933271367584e+00 1.010928799814362122e+00 9.857228562477775569e-01 1.015901337553494432e+00 1.026606183669541039e+00
3.327543859649122737e+02 1.011562651245648814e+00 1.030532856254153806e+00 9.860722188350822259e-01 1.017956013004372329e+00 1.021544844305396493e+00
3.329022556390977456e+02 1.013618331170866860e+00 1.034441183886881666e+00 9.864156812985422906e-01 1.021491432411886002e+00 1.022450272209938005e+00
3.330501253132832176e+02 1.011275918356506542e+00 1.034837730729748939e+00 9.867532210113273416e-01 1.025040612039911370e+00 1.026305384199736270e+00
3.331979949874686895e+02 1.003070926663396367e+00 1.035235715752783392e+00 9.978504931581601012e-01 1.023239684148469664e+00 1.030163596881506161e+00
3.333458646616541046e+02 9.990751252771715718e-01 1.032305511534165721e+00 1.011154520087949482e+00 1.022991488156596018e+00 1.025646484553561777e+00
3.334937343358395765e+02 1.002041165590751959e+00 1.019476921531223823e+00 1.010092325515298706e+00 1.024440246697855716e+00 1.010456276256783914e+00
3.336416040100250484e+02 1.008630182363843497e+00 1.010031831715002548e+00 1.001990617956286744e+00 1.011464059362871204e+00 9.979630068298107615e-01
3.337894736842105203e+02 1.015218710040070249e+00 1.008028398246128665e+00 1.001793230598552631e+00 9.984428523826462953e-01 9.988919585808211377e-01
3.339373433583959923e+02 1.021806794444201083e+00 1.005439277345621107e+00 1.001593249371252270e+00 9.967625049413383342e-01 1.000599586124063078e+00
3.340852130325814642e+02 1.024339085425986839e+00 1.002831191431533764e+00 1.001390675212108006e+00 9.944850219738909924e-01 1.005738531074701347e+00
3.342330827067669361e+02 1.016387140459104055e+00 1.000204048399222945e+00 1.010737072764186673e+00 9.899710271188200128e-01 1.010877190507964540e+00
3.343809523809524080e+02 1.006130181018427105e+00 9.902266948667871604e-01 1.018624584920837961e+00 9.890243458441123625e-01 1.006007577148614107e+00
3.345288220551378231e+02 1.008311743291212759e+00 9.793715344855897786e-01 1.005745042020312674e+00 9.908907575418559599e-01 9.989470758553546936e-01
3.346766917293232950e+02 1.010501760306329988e+00 9.776015791386597487e-01 9.981025515083300492e-01 9.872606059175641491e-01 9.935681142582959424e-01
3.348245614035087669e+02 1.012700282677781782e+00 9.815630870738311087e-01 9.981436853661075359e-01 9.850732936796284811e-01 9.890932898077530178e-01
3.349724310776942389e+02 1.014907361430854138e+00 9.825488549351684142e-01 9.981819782424981025e-01 9.900321352548738796e-01 9.883962512889493679e-01
3.351203007518797108e+02 9.984163857204653159e-01 9.835384108571491035e-01 1.000340902859850667e+00 9.858898240922461254e-01 9.912066656689878519e-01
3.352681704260651827e+02 9.798261284318876552e-01 9.845317534101041268e-01 1.007477620477475355e+00 9.805325964015746409e-01 9.943485544345950222e-01
3.354160401002505978e+02 9.697417721044352401e-01 9.695099176680233022e-01 9.980656823723165205e-01 9.813661736956361681e-01 1.003133782585640343e+00
3.355639097744360697e+02 9.757039825987275927e-01 9.613201956155208450e-01 9.868846079230253476e-01 9.888253329592009422e-01 1.011958220669142872e+00
3.357117794486215416e+02 9.816388610738092657e-01 9.856978828717039010e-01 9.842893828559848846e-01 9.984464533292037869e-01 1.007914238202534341e+00
3.358596491228070136e+02 9.875465338338380583e-01 9.977530796094686849e-01 9.839885350560811927e-01 1.003623555385818156e+00 9.961192887837165832e-01
3.360075187969924855e+02 9.934271264531259193e-01 1.004156414703424538e+00 9.836874556181606222e-01 1.001771507080534418e+00 9.934843662923179552e-01
3.361553884711779574e+02 9.822334950725443159e-01 1.010574565925294932e+00 9.857807684354188416e-01 9.948177270967173413e-01 9.908488181596409872e-01
3.363032581453634293e+02 9.731254570106057100e-01 1.014584050070395094e+00 9.873047276641885306e-01 9.880785993522749333e-01 9.913763879870483020e-01
3.364511278195488444e+02 9.738543742791406777e-01 1.005128228198278739e+00 9.821426635332055621e-01 9.903308676205817562e-01 9.965267415159269060e-01
3.365989974937343163e+02 9.745839923055371612e-01 9.845127638922143154e-01 9.770266814312051906e-01 9.958464758856316879e-01 9.992672805432616379e-01
3.367468671679197882e+02 9.753143113889547466e-01 9.846022577365848294e-01 9.811707131471189003e-01 1.001381614659347052e+00 9.923958934995504855e-01
3.368947368421052602e+02 9.760453318233165421e-01 9.866981677169442966e-01 9.853270893192301871e-01 1.005618809357337495e+00 9.863287912560219084e-01
3.370426065162907321e+02 9.735687359193224699e-01 9.887997004840282100e-01 9.894958541759193427e-01 1.009392797297434585e+00 9.854360904366877838e-01
3.371904761904762040e+02 9.743086172333959016e-01 9.909069125446720028e-01 1.006700610173449473e+00 1.005573298196119625e+00 9.845443806355059779e-01
3.373383458646616191e+02 9.781488338574105823e-01 9.885213574084296129e-01 1.019262767486495358e+00 1.000614402781524026e+00 9.799581679621596209e-01
3.374862155388470910e+02 9.856703108328058738e-01 9.828923077740350234e-01 1.013133951559768375e+00 1.001602627740481477e+00 9.734629740445426282e-01
3.376340852130325629e+02 9.927652353415176156e-01 9.832716654777587939e-01 1.009495180833822392e+00 9.890719113943584606e-01 9.729455430979598862e-01
3.377819548872180349e+02 9.998576789847106738e-01 9.914073704638942663e-01 1.013302921336792339e+00 9.766578066322182394e-01 9.718825886790879443e-01
3.379298245614035068e+02 1.006947670870819600e+00 9.969386243540504511e-01 1.017116224871907448e+00 9.813681695019252915e-01 9.708842985177782436e-01
3.380776942355889787e+02 1.001907734407100570e+00 1.002477514251497670e+00 1.016537092024448974e+00 9.792766063718473246e-01 9.756588675412707357e-01
3.382255639097744506e+02 9.940320420792655431e-01 1.008024061683035599e+00 1.002792030350621921e+00 9.750938216590954166e-01 9.804293491180104958e-01
3.383734335839599225e+02 9.806106655619007961e-01 9.985423193013492904e-01 9.879130536134305141e-01 9.761131279840414843e-01 9.711718319861533111e-01
3.385213032581453376e+02 9.840242957101233978e-01 9.847077498712497601e-01 9.763888232652233601e-01 9.804390455039759811e-01 9.610551342368729433e-01
3.386691729323308095e+02 9.874778265525436804e-01 9.766872319136576941e-01 9.726215023483666400e-01 9.684581639208652559e-01 9.578999185668017891e-01
3.388170426065162815e+02 9.909288584777224962e-01 9.720606371371836030e-01 9.688498652561057245e-01 9.580738557446145665e-01 9.568682070090576142e-01
3.389649122807017534e+02 9.928064393254332209e-01 9.702010112460547342e-01 9.650739063660807027e-01 9.623739270301591153e-01 9.600176589819101602e-01
3.391127819548872253e+02 9.844625560985742485e-01 9.683456100257792354e-01 9.623010632373995010e-01 9.604006161985112477e-01 9.648661939838830692e-01
3.392606516290726972e+02 9.716596299630881894e-01 9.657085313402301585e-01 9.604188012187835355e-01 9.584132749324657530e-01 9.739010897322846194e-01
3.394085213032581123e+02 9.695286656343078402e-01 9.514039139114357502e-01 9.570492855582087843e-01 9.638655807598810465e-01 9.839677664155023207e-01
3.395563909774435842e+02 9.714619237678360220e-01 9.457610431040704979e-01 9.608895523089856505e-01 9.718608119062827067e-01 9.889251457482672869e-01
3.397042606516290562e+02 9.733893013228323010e-01 9.654390233355444328e-01 9.765805797434536917e-01 9.798924009146068315e-01 9.858461870590260467e-01
3.398521303258145281e+02 9.753108247449128188e-01 9.789950853289910437e-01 9.926161826589244841e-01 9.813624522802657513e-01 9.827826389919904759e-01
3.400000000000000000e+02 9.771177915665473224e-01 9.925199848070643815e-01 1.008656726076568200e+00 9.785571139985015376e-01 9.836020475270815799e-01
