2.810000000000000000e+02 -2.501493490660814875e-02 -2.745130228881445533e-02 -1.288341122729358759e-02 -6.434318462125804489e-04 -7.899176311588795504e-03
2.811478696741854719e+02 -1.051438100080507969e-02 -1.368925528083744618e-02 -4.102132730555407142e-02 1.081270745822153663e-02 2.996968866182975633e-03
2.812957393483709438e+02 -4.951121600123545644e-03 7.288538504721780162e-05 -2.371389933109399259e-02 -4.051625391011928236e-03 1.475803627291640344e-02
2.814436090225564158e+02 3.335015502841768426e-03 -1.946078432356961735e-02 -7.444787044866485980e-03 -1.848053885555101666e-02 -6.733517690425570509e-03
2.815914786967418308e+02 1.831265262357183827e-03 -2.083352942434907318e-02 -1.848831166884750202e-02 7.420188671738038762e-03 -7.606754751494298507e-03
2.817393483709273028e+02 -1.246706379984961754e-02 -1.558500787853615670e-02 -3.497381527494981823e-02 1.989564101481757982e-02 1.179995898823274362e-03
2.818872180451127747e+02 1.349244913970929199e-03 -1.030191801696598783e-02 -3.213061987723771912e-02 1.343176362538932474e-02 8.970546229485995560e-03
2.820350877192982466e+02 -2.788683684146030586e-02 -7.516034262675570787e-02 -1.807365939610365872e-03 -1.178713536542061631e-02 -1.034530476749771603e-02
2.821829573934837185e+02 -8.918006375090855101e-03 -4.936974736775972400e-02 -1.953424165419281530e-02 2.730977908784091700e-03 6.018890133847105322e-04
2.823308270676691905e+02 7.136291379804562268e-03 -3.107289307598059408e-02 -2.224735020835676754e-03 -7.106118773651101325e-03 -4.924383843846450240e-03
2.824786967418546624e+02 -3.551051094056847934e-02 -8.916846279803361877e-03 -7.902257693432137436e-03 -9.795533157575279579e-03 -2.211238115108195290e-02
2.826265664160400775e+02 8.704099264610822700e-03 -2.884202067819978746e-02 -2.626064227410159976e-02 -2.273384275280198805e-02 1.994103019564903018e-02
2.827744360902255494e+02 1.090591027605218935e-02 -2.652157847285521730e-02 -1.534129742807730477e-02 2.083487657159366346e-02 -2.048427505376467297e-02
2.829223057644110213e+02 -1.891764387749805820e-02 3.533532853423571735e-02 -2.700949895729527674e-03 -5.141062095736292220e-03 -1.670037088968385347e-02
2.830701754385964932e+02 -2.030951754857725569e-02 5.389337774781044997e-03 2.112614683377810401e-02 -3.227842014239759583e-02 -6.373747071708780326e-03
2.832180451127819651e+02 -4.205439741755493538e-02 -1.639012588737899512e-02 -1.838485855632210862e-03 -1.494366342718248843e-02 7.134451471681427411e-03
2.833659147869674371e+02 5.170513739517823559e-03 2.940812259557529923e-02 1.227075620653787086e-02 3.329618683053878897e-02 1.368755758114072012e-02
2.835137844611529090e+02 -1.231669455033180920e-02 3.126882646083255918e-02 4.257256900403951980e-03 1.367002892182943123e-02 -1.241461105213184646e-02
2.836616541353383241e+02 2.196155608737404910e-02 4.474201360258742849e-02 3.009761598585419806e-02 -1.957190986885054898e-02 1.364358729010558755e-02
2.838095238095237960e+02 1.428821738972933103e-02 6.727707269231646137e-02 5.447732764518883192e-02 -7.047271369550643476e-03 -2.135578805258355958e-02
2.839573934837092679e+02 1.441789950422108502e-01 1.301017645564278569e-01 1.260370439196923376e-01 3.148818204302889640e-02 5.403624781643796143e-02
2.841052631578947398e+02 5.319613236776898901e-01 4.928213783028752570e-01 2.996573563422184616e-01 1.133888599469122516e-01 4.673423922857983248e-02
2.842531328320802118e+02 1.099583299026437144e+00 9.594324287343505286e-01 5.918149678435624672e-01 2.473114596080023819e-01 1.134586214206304428e-01
2.844010025062656837e+02 1.287119702010330213e+00 1.093345607148475285e+00 6.886619586809356042e-01 2.943025372336924850e-01 1.139608804657800539e-01
2.845488721804511556e+02 1.262978558357906289e+00 1.066905238349336260e+00 7.111162767866529011e-01 3.059636617675081660e-01 1.697604255312478716e-01
2.846967418546365707e+02 1.745716249599788661e+00 1.470117164744732419e+00 9.494902962582375539e-01 4.230583653944895994e-01 2.405908499844645887e-01
2.848446115288220426e+02 2.095085352621726571e+00 1.857384808455376346e+00 1.167948390892740385e+00 5.224709354717762544e-01 2.714563867540429332e-01
2.849924812030075145e+02 1.778414593339755267e+00 1.572625463791496259e+00 9.757006781944964624e-01 4.637442610862035353e-01 2.613355102093263271e-01
2.851403508771929864e+02 1.160121806784856879e+00 1.005725704322338432e+00 6.397196231242358033e-01 3.261433708701884093e-01 2.059093235793647558e-01
2.852882205513784584e+02 8.706604210547994604e-01 8.019822491893466854e-01 5.276027372212461763e-01 2.629989793383902819e-01 1.803170362730947551e-01
2.854360902255639303e+02 8.885559932167921282e-01 8.014017602020829800e-01 5.606888529833596868e-01 2.843950270895960752e-01 1.481976245106721712e-01
2.855839598997493454e+02 1.161685405305582064e+00 1.066211975369911968e+00 7.038990856309004229e-01 3.275838269532417302e-01 2.175127925891872926e-01
2.857318295739348173e+02 1.396508138912356589e+00 1.255314032800025403e+00 8.503699069250646447e-01 3.937820663346686678e-01 1.851745020206000125e-01
2.858796992481202892e+02 1.496781702771623035e+00 1.366571127441358779e+00 8.744483715732592755e-01 4.451284706444135764e-01 2.434723311861941020e-01
2.860275689223057611e+02 1.605238330192147789e+00 1.468377961870853232e+00 9.408010948981291310e-01 4.892631443550415349e-01 2.599841362845256576e-01
2.861754385964912331e+02 1.717581530292911607e+00 1.573100311768453441e+00 1.056930835884658304e+00 5.283536060826691250e-01 3.332116667410126576e-01
2.863233082706767050e+02 1.828542691484990046e+00 1.704084557407946399e+00 1.206755180412897532e+00 6.991344954618349261e-01 4.967061505894806994e-01
2.864711779448621769e+02 1.917184690318428864e+00 1.780737524370992642e+00 1.496977897663153589e+00 1.094905912606989107e+00 9.552664798813826907e-01
2.866190476190475920e+02 1.907944474576706684e+00 1.758323356560910655e+00 1.482795052313734763e+00 1.236292577378494739e+00 1.080793070610317486e+00
2.867669172932330639e+02 1.901048604336180503e+00 1.815487228826437427e+00 1.528990868337480435e+00 1.227311605837670516e+00 1.109027661558878552e+00
2.869147869674185358e+02 2.149641533380513003e+00 2.038349944668220282e+00 1.669538947104148408e+00 1.285998620262895020e+00 1.151233009368078930e+00
2.870626566416040077e+02 2.384278271026116336e+00 2.276631802411641647e+00 1.867360370829532989e+00 1.448934514087415470e+00 1.358729612243144036e+00
2.872105263157894797e+02 2.570260003256958026e+00 2.410960064352803744e+00 2.009566696443798595e+00 1.666539296836109463e+00 1.553290513652849869e+00
2.873583959899749516e+02 2.623474784110352065e+00 2.458515713475340370e+00 2.094594328287784357e+00 1.744318575378472458e+00 1.623570712632502522e+00
2.875062656641604235e+02 2.671598657307425295e+00 2.505390457275754379e+00 2.162338441646046938e+00 1.787764589539132754e+00 1.674336330062746292e+00
2.876541353383458386e+02 2.807677998334938252e+00 2.684711350146573139e+00 2.248198354755410744e+00 1.814857680982994825e+00 1.709128177181315156e+00
2.878020050125313105e+02 3.044703405568641497e+00 2.875637494868830135e+00 2.372378309597015011e+00 1.916312719423770128e+00 1.766388442416709115e+00
2.879498746867167824e+02 3.044144381677268196e+00 2.894771152231194300e+00 2.373767239414858121e+00 1.963164797963156571e+00 1.766256452759128681e+00
2.880977443609022544e+02 2.905975456812847746e+00 2.722512787095357822e+00 2.298178923984116384e+00 1.882717698800701056e+00 1.747677122930206606e+00
2.882456140350877263e+02 2.652816904430543854e+00 2.542906376413326175e+00 2.178416400019623111e+00 1.812209357724762659e+00 1.742014830952604010e+00
2.883934837092731982e+02 2.483694335447346635e+00 2.356047181524293155e+00 2.056321609400574513e+00 1.775012336484092179e+00 1.704159738121490353e+00
2.885413533834586701e+02 2.407569934384742982e+00 2.285185412109870029e+00 2.004294965711010956e+00 1.809460818180839592e+00 1.719149961465351595e+00
2.886892230576440852e+02 2.349699102739226664e+00 2.197919412136613904e+00 1.973131570240481691e+00 1.778060176854357577e+00 1.699711526456500144e+00
2.888370927318295571e+02 2.263243677556871614e+00 2.225221380295253404e+00 1.969958028259332306e+00 1.790245058463715067e+00 1.733544525443630802e+00
2.889849624060150290e+02 2.266608300720854174e+00 2.169319515762616835e+00 1.960804318738156082e+00 1.773923124637143411e+00 1.751439157263699808e+00
2.891328320802005010e+02 2.256937869467613655e+00 2.193128765388336898e+00 2.000395052395317563e+00 1.867583202696991851e+00 1.833001890768349629e+00
2.892807017543859729e+02 2.349306915655263062e+00 2.253658320987485641e+00 2.070169887492071759e+00 1.900669045344507202e+00 1.890777022442429178e+00
2.894285714285714448e+02 2.343463254178616673e+00 2.304840912077062764e+00 2.138076699403943959e+00 1.972114485151901020e+00 1.983278314242571838e+00
2.895764411027569167e+02 2.336552444433769971e+00 2.258908542826891797e+00 2.162959145546810902e+00 2.048924450189758328e+00 2.005952982458025780e+00
2.897243107769423318e+02 2.297972248426777941e+00 2.259050834057493518e+00 2.177699034117627885e+00 2.132533934931173381e+00 2.105146211477028295e+00
2.898721804511278037e+02 2.288107516936267682e+00 2.242306635631022615e+00 2.169612313723853436e+00 2.137990575053851927e+00 2.163414428554597979e+00
2.900200501253132757e+02 2.248619505895921300e+00 2.241174284286095109e+00 2.208894323865899345e+00 2.170724876418680616e+00 2.254118238186109568e+00
2.901679197994987476e+02 2.234778064664852515e+00 2.225919503447976844e+00 2.207629361268146795e+00 2.184530668997464620e+00 2.243574738687295067e+00
2.903157894736842195e+02 2.222164705077287472e+00 2.194776868862885699e+00 2.213988138896340718e+00 2.203424991227650676e+00 2.250297101789433984e+00
2.904636591478696914e+02 2.264612106338953712e+00 2.262966114771083337e+00 2.239119096889103488e+00 2.216744908691566707e+00 2.276946945980432790e+00
2.906115288220551633e+02 2.295507264318378482e+00 2.291908697883542789e+00 2.262050916642603937e+00 2.241489624018333515e+00 2.273017087113755164e+00
2.907593984962405784e+02 2.288524256661383038e+00 2.327275655766175788e+00 2.319244929985019965e+00 2.301469935162478109e+00 2.331846408662632264e+00
2.909072681704260503e+02 2.371122689078063672e+00 2.343932478683526721e+00 2.346657588360108182e+00 2.327011151769898145e+00 2.367601929925550408e+00
2.910551378446115223e+02 2.411774187377298873e+00 2.413078131428176842e+00 2.449225148487960357e+00 2.404136423222493324e+00 2.461873239633825428e+00
2.912030075187969942e+02 2.494347207120013010e+00 2.484693116290770831e+00 2.471580515814639334e+00 2.437058636217659835e+00 2.473391966640133166e+00
2.913508771929824661e+02 2.510659063592537876e+00 2.559565183981067360e+00 2.476241944335870748e+00 2.500563665896928800e+00 2.555534264149144086e+00
2.914987468671679380e+02 2.572826486749204555e+00 2.557257837962349178e+00 2.545785331203573421e+00 2.535391487920094722e+00 2.555583851904041470e+00
2.916466165413534100e+02 2.595267256268832590e+00 2.564601156996239251e+00 2.567919800308564149e+00 2.573239727973325230e+00 2.618566521623296950e+00
2.917944862155388250e+02 2.614382998223364840e+00 2.592551458796445107e+00 2.609587872124154551e+00 2.580868198713403228e+00 2.630697666244122601e+00
2.919423558897242970e+02 2.659549126723501633e+00 2.617936931576861248e+00 2.616938543962560537e+00 2.590904193083234830e+00 2.646869428577765859e+00
2.920902255639097689e+02 2.612195977911391687e+00 2.663956333897032458e+00 2.651898725277643809e+00 2.625093389699081570e+00 2.700929165336895199e+00
2.922380952380952408e+02 2.630007080924379625e+00 2.616433276334511948e+00 2.622332123769150147e+00 2.656246779150414294e+00 2.693371299399742291e+00
2.923859649122807127e+02 2.625240671926223790e+00 2.627907694679218142e+00 2.635228141159360771e+00 2.644420920122228846e+00 2.680066110746232688e+00
2.925338345864661846e+02 2.600110474602689070e+00 2.606790940447399674e+00 2.656276034006924025e+00 2.632876972266239068e+00 2.704519497611121537e+00
2.926817042606515997e+02 2.579217341518876605e+00 2.574979504557726173e+00 2.611563111466646880e+00 2.655287438928394472e+00 2.715165202741001149e+00
2.928295739348370716e+02 2.565386365832719395e+00 2.567797106087375880e+00 2.633025096230888540e+00 2.668154822976390950e+00 2.754802693791964074e+00
2.929774436090225436e+02 2.576280743523982952e+00 2.578163251644092657e+00 2.609760997293863127e+00 2.713501782308058274e+00 2.757015399843367298e+00
2.931253132832080155e+02 2.535729724404129470e+00 2.576365636185181884e+00 2.631869782837230165e+00 2.663314627032283610e+00 2.738230900506116061e+00
2.932731829573934874e+02 2.525330335766696521e+00 2.524969426645125914e+00 2.602484498911787902e+00 2.673666044289391142e+00 2.762888749515417519e+00
2.934210526315789593e+02 2.520078923996883269e+00 2.515512460922217475e+00 2.607442109392984708e+00 2.658023336775380052e+00 2.753528100978811288e+00
2.935689223057644313e+02 2.516747168396675782e+00 2.484511053528291491e+00 2.601189685647347094e+00 2.683184076807497931e+00 2.757403756931400718e+00
2.937167919799499032e+02 2.465538528154199049e+00 2.520625040220720425e+00 2.566903445675508433e+00 2.664017076859898303e+00 2.748255671361729657e+00
2.938646616541353183e+02 2.466886400270715374e+00 2.486946438043676100e+00 2.579558695500279164e+00 2.653947944822256932e+00 2.749570230043532071e+00
2.940125313283207902e+02 2.431366713720599204e+00 2.477415080566792938e+00 2.577866122975408292e+00 2.653445208948743694e+00 2.741025385072063170e+00
2.941604010025062621e+02 2.426439019709320633e+00 2.423556758346361306e+00 2.549712607800322495e+00 2.684740162612242909e+00 2.754111657247525713e+00
2.943082706766917340e+02 2.426847837834190003e+00 2.426298505609361555e+00 2.522179812077306682e+00 2.662244149605368371e+00 2.752996748428338858e+00
2.944561403508772059e+02 2.401789016166739898e+00 2.437543633462766923e+00 2.553513429895588160e+00 2.637169199502082950e+00 2.755639627121004409e+00
2.946040100250626779e+02 2.371392455932116672e+00 2.412214393358808273e+00 2.561891037852097597e+00 2.646775098369329449e+00 2.747808220241474864e+00
2.947518796992480929e+02 2.372542439823266847e+00 2.374518732193398485e+00 2.529961917929211879e+00 2.653247814278659522e+00 2.758343928612870144e+00
2.948997493734335649e+02 2.359336308751960321e+00 2.364432802181300808e+00 2.517966360591490815e+00 2.670828952013125424e+00 2.758116245365219932e+00
2.950476190476190368e+02 2.349696333634660128e+00 2.365267052082230759e+00 2.490364961818174461e+00 2.676160556573599969e+00 2.759461160797243906e+00
2.951954887218045087e+02 2.290216284417449177e+00 2.349137206401103128e+00 2.499055284937561350e+00 2.657172004102574370e+00 2.755999222520991054e+00
2.953433583959899806e+02 2.320378788654199109e+00 2.327966475224341192e+00 2.534194422999942464e+00 2.629990071936016083e+00 2.746619250101959953e+00
2.954912280701754526e+02 2.271166569930602730e+00 2.289468780712368812e+00 2.475613467051229311e+00 2.652338180925715161e+00 2.761996974112510994e+00
2.956390977443609245e+02 2.276798317467884747e+00 2.305180610880682934e+00 2.505046810579440120e+00 2.630126083614508836e+00 2.760174594271840753e+00
2.957869674185463396e+02 2.246384271597917870e+00 2.300248801305951218e+00 2.459597009702185311e+00 2.639175800388410931e+00 2.755579665574923176e+00
2.959348370927318115e+02 2.245415358512847348e+00 2.292149097048611583e+00 2.456399653651240023e+00 2.638870350445762014e+00 2.740472374546226053e+00
2.960827067669172834e+02 2.254693172829228764e+00 2.238006298321661980e+00 2.417418482794578161e+00 2.649059124864649117e+00 2.738763080262607730e+00
2.962305764411027553e+02 2.277655989521927271e+00 2.245330024113322498e+00 2.438580518772699879e+00 2.622851098003345705e+00 2.759196091132162021e+00
2.963784461152882272e+02 2.181224126822108644e+00 2.228643963739221245e+00 2.469398947750481188e+00 2.618038251079281675e+00 2.726987497098138924e+00
2.965263157894736992e+02 2.205072091056833106e+00 2.254235991048848309e+00 2.417190290084908710e+00 2.626344091182500229e+00 2.737613035342238987e+00
2.966741854636591711e+02 2.198905544099022613e+00 2.207746448845480991e+00 2.427525150817003485e+00 2.620036128937972997e+00 2.732466739682501533e+00
2.968220551378445862e+02 2.186854585281219343e+00 2.228470072648544686e+00 2.404057310850482576e+00 2.616489592836289901e+00 2.731498464176662200e+00
2.969699248120300581e+02 2.163887861400143553e+00 2.216188169156688037e+00 2.408371473915398742e+00 2.615627386796162579e+00 2.698899263518988789e+00
2.971177944862155300e+02 2.124936779027023270e+00 2.178462898073024512e+00 2.365240579441300728e+00 2.574685944952757932e+00 2.726251015683474943e+00
2.972656641604010019e+02 2.124878013263416854e+00 2.199270091206088296e+00 2.361952299371163466e+00 2.578022697800440799e+00 2.716609175523471809e+00
2.974135338345864739e+02 2.117214398147698518e+00 2.206844028047433959e+00 2.359655653759170413e+00 2.583269343683971986e+00 2.703498763348654244e+00
2.975614035087719458e+02 2.109495484814526645e+00 2.181387006706591691e+00 2.357331389621185380e+00 2.579759386678845967e+00 2.692084578169450904e+00
2.977092731829574177e+02 2.101720659906801014e+00 2.153693676540313628e+00 2.354979022362221563e+00 2.571328722314898396e+00 2.682475349981661150e+00
2.978571428571428328e+02 2.092499832967474216e+00 2.125483922522509506e+00 2.357790330654468303e+00 2.562845114494994192e+00 2.676329876682082887e+00
2.980050125313283047e+02 2.091974433070401318e+00 2.115935420114660293e+00 2.366150128018643883e+00 2.556136354527464238e+00 2.670386918564032097e+00
2.981528822055137766e+02 2.090925027332241726e+00 2.111636580183696932e+00 2.374586836443689286e+00 2.554010048720404047e+00 2.662800329418882672e+00
2.983007518796992485e+02 2.085080058058642383e+00 2.107348990399855460e+00 2.373330665595469569e+00 2.551884355930014614e+00 2.656068508928008498e+00
2.984486215538847205e+02 2.076069233035019224e+00 2.103072608351197026e+00 2.361899029029319141e+00 2.543643742685230524e+00 2.650491199199631165e+00
2.985964912280701924e+02 2.058492832466543909e+00 2.098807391825581181e+00 2.350505028177419131e+00 2.533692679802765024e+00 2.644685274634065664e+00
2.987443609022556643e+02 2.051098606728411600e+00 2.102194859338490485e+00 2.324241180488719749e+00 2.524378012249598680e+00 2.638161961790788546e+00
2.988922305764410794e+02 2.043715664566348345e+00 2.111074027084315130e+00 2.305258678197471323e+00 2.545956678302715215e+00 2.631575914066983657e+00
2.990401002506265513e+02 2.024917003066430965e+00 2.098386122633630890e+00 2.302720203350467010e+00 2.540775557694502584e+00 2.617946649380741508e+00
2.991879699248120232e+02 2.009668274593564785e+00 2.085788403594853957e+00 2.300420422339685800e+00 2.535572676405119186e+00 2.602779918939283288e+00
2.993358395989974952e+02 2.000946157158498551e+00 2.073279995929951713e+00 2.302369531749707043e+00 2.527773188415283201e+00 2.592688650320925436e+00
2.994837092731829671e+02 1.978716187981208963e+00 2.060860036480857360e+00 2.305596173830901652e+00 2.490439543409343148e+00 2.584572523428683155e+00
2.996315789473684390e+02 1.969490094319930940e+00 2.069583356026900578e+00 2.304290281649457928e+00 2.470699260543177012e+00 2.575891654229605088e+00
2.997794486215539109e+02 1.963763311916941756e+00 2.064651623192224505e+00 2.282157350130956441e+00 2.458936998774517768e+00 2.566717704717100812e+00
2.999273182957393260e+02 1.958157342510254528e+00 2.036535619955520016e+00 2.256677961704274260e+00 2.447138402545355085e+00 2.559658714671958268e+00
3.000751879699247979e+02 1.953375447643380447e+00 2.023566888728480784e+00 2.237122255612351562e+00 2.443257759554692043e+00 2.546243493409305447e+00
3.002230576441102698e+02 1.951035242750882803e+00 2.012052927989933959e+00 2.219140512593817061e+00 2.440422979484131449e+00 2.540874811611130379e+00
3.003709273182957418e+02 1.934073690387371647e+00 2.000598140335084096e+00 2.210625923597442810e+00 2.433701334416518147e+00 2.537300632471635176e+00
3.005187969924812137e+02 1.905872446278041865e+00 1.989201543718907228e+00 2.202145079678849982e+00 2.420622230959196042e+00 2.533731342826381905e+00
3.006666666666666856e+02 1.902119473682265971e+00 1.971716306672304686e+00 2.193697797127582838e+00 2.409102640035177156e+00 2.527254169409004714e+00
3.008145363408521007e+02 1.898373601173348968e+00 1.958089995237646930e+00 2.164785123642239739e+00 2.402472606295762869e+00 2.520125672742558720e+00
3.009624060150375726e+02 1.897630896908999221e+00 1.949964115753387350e+00 2.169430382734338192e+00 2.394273166105911343e+00 2.510102406618542226e+00
3.011102756892230445e+02 1.901049286774144198e+00 1.941858883714201678e+00 2.181147974871984196e+00 2.388117966956786908e+00 2.494529205016601914e+00
3.012581453634085165e+02 1.903824581325429088e+00 1.933774251672406352e+00 2.175528001562249347e+00 2.381995892703215656e+00 2.481558084690026700e+00
3.014060150375939884e+02 1.892758422970525212e+00 1.925710172304635037e+00 2.169913278237417309e+00 2.375906687076508650e+00 2.475349447050224860e+00
3.015538847117794603e+02 1.878803800387023548e+00 1.924115948587700631e+00 2.164303793463414394e+00 2.350243342748548514e+00 2.471654762672896410e+00
3.017017543859649322e+02 1.874108630369609507e+00 1.935874980978012916e+00 2.139234741962041664e+00 2.350224400845401185e+00 2.479271674983343665e+00
3.018496240601504041e+02 1.874533712220619819e+00 1.942055441325046816e+00 2.116081534262924890e+00 2.353040525129828087e+00 2.473169673242833433e+00
3.019974937343358192e+02 1.874961552989997893e+00 1.929487942449960469e+00 2.133320582749410388e+00 2.350521922613762360e+00 2.463343500908543149e+00
3.021453634085212911e+02 1.878858099178677410e+00 1.926277492278032799e+00 2.154614889985910775e+00 2.341601199373187558e+00 2.443812949613913599e+00
3.022932330827067631e+02 1.873246764707002132e+00 1.923084345970151654e+00 2.159476271700243366e+00 2.332701405657702232e+00 2.432128801440904375e+00
3.024411027568922350e+02 1.854602949949013091e+00 1.919908359868127690e+00 2.156199036842310512e+00 2.308445406826132196e+00 2.420488461973433481e+00
3.025889724310777069e+02 1.840901552221217763e+00 1.916749391921833912e+00 2.151574935477679418e+00 2.283286277808152409e+00 2.408134647058281619e+00
3.027368421052631788e+02 1.834501996723892470e+00 1.917417313136672075e+00 2.124739560768088786e+00 2.285073143911700466e+00 2.395148073539010714e+00
3.028847117794485939e+02 1.828104183808054062e+00 1.890922995105607018e+00 2.095666458868732818e+00 2.291802101871935005e+00 2.382740898656921402e+00
3.030325814536340658e+02 1.816390180151842060e+00 1.882743536718470834e+00 2.069704628957907300e+00 2.289334526503148393e+00 2.365688697817569519e+00
3.031804511278195378e+02 1.804599412684886106e+00 1.874557038724601776e+00 2.060299411771832290e+00 2.284150249572967972e+00 2.348632207578365438e+00
3.033283208020050097e+02 1.794277559109338949e+00 1.866363494324379646e+00 2.053752669599433478e+00 2.274606655790544885e+00 2.336098875395792085e+00
3.034761904761904816e+02 1.774185282289316934e+00 1.858162896731065272e+00 2.047225267067701360e+00 2.249116478075299241e+00 2.324292819457768999e+00
3.036240601503759535e+02 1.758166995835479085e+00 1.842430521622113737e+00 2.034458254764273111e+00 2.222104739785779604e+00 2.302160513701544620e+00
3.037719298245614254e+02 1.752674255711947682e+00 1.807839676846144217e+00 2.007018480673977923e+00 2.200139873351342423e+00 2.277024030394442011e+00
3.039197994987468405e+02 1.747211731031907966e+00 1.779465109867292449e+00 1.984247388448693750e+00 2.178999783232995924e+00 2.259577861188378556e+00
3.040676691729323124e+02 1.747695676367943651e+00 1.773616591006740517e+00 1.976854455734354143e+00 2.168431656164827359e+00 2.243872093669461165e+00
3.042155388471177844e+02 1.742676308303564792e+00 1.767788825784131879e+00 1.963342601958767197e+00 2.157886472188867089e+00 2.228672327734295244e+00
3.043634085213032563e+02 1.737394425288027566e+00 1.761981692122920773e+00 1.949865805034580735e+00 2.138445070499999989e+00 2.215028053859673829e+00
3.045112781954887282e+02 1.718045066488762984e+00 1.756195068879501830e+00 1.936423869147883892e+00 2.110812751049930824e+00 2.200871083047008625e+00
3.046591478696742001e+02 1.703804557348717275e+00 1.748015974825654739e+00 1.923016599136221805e+00 2.090422800569059714e+00 2.178013249939359408e+00
3.048070175438596721e+02 1.697439936713081021e+00 1.736827616391311446e+00 1.890669057264817265e+00 2.046744071773127782e+00 2.162425461423645334e+00
3.049548872180450871e+02 1.694406130716826775e+00 1.731480350498929344e+00 1.904974308488816659e+00 2.040943145451821206e+00 2.144971541851164787e+00
3.051027568922305591e+02 1.693619040523910435e+00 1.726099662840162141e+00 1.929808019409541497e+00 2.035151678459937052e+00 2.125552643251111817e+00
3.052506265664160310e+02 1.691249365725955078e+00 1.720685530523265339e+00 1.930563764376549640e+00 2.029369762213326212e+00 2.108741804556562460e+00
3.053984962406015029e+02 1.682753634924602171e+00 1.715237929740653477e+00 1.912857770407750513e+00 2.005713934357646888e+00 2.094733377126320129e+00
3.055463659147869748e+02 1.655110629955796497e+00 1.710771548306460721e+00 1.895179662872433113e+00 1.979875809427558586e+00 2.084265035556664536e+00
3.056942355889724467e+02 1.646743053192816886e+00 1.690853580098684583e+00 1.859502034777027246e+00 1.973056456003184689e+00 2.079488982405684361e+00
3.058421052631579187e+02 1.643547301309732589e+00 1.681578610200057389e+00 1.823671812980935947e+00 1.971961268432854908e+00 2.066517087664496710e+00
3.059899749373433337e+02 1.637696751719511568e+00 1.680523808349783321e+00 1.821764707250508097e+00 1.962214742412133450e+00 2.040313683892191587e+00
3.061378446115288057e+02 1.635743815915354338e+00 1.679451879201313336e+00 1.824068182113903980e+00 1.948331604448171772e+00 2.020006017721452718e+00
3.062857142857142776e+02 1.628610163117562681e+00 1.678362648828762183e+00 1.816608406871562220e+00 1.933042816360389660e+00 2.003578586560094354e+00
3.064335839598997495e+02 1.596835583888670973e+00 1.679784007444339755e+00 1.807135245681350977e+00 1.909340815869647656e+00 1.987190211267945816e+00
3.065814536340852214e+02 1.590569633862524590e+00 1.681908072971550538e+00 1.797694164820947460e+00 1.889998651567715848e+00 1.961773393396985643e+00
3.067293233082706934e+02 1.586316637288390563e+00 1.655208825739923117e+00 1.780323423360041124e+00 1.871842800188979083e+00 1.931886024592812001e+00
3.068771929824561653e+02 1.579851003408580423e+00 1.621820143543151849e+00 1.761517305743187878e+00 1.854851263402196526e+00 1.908875686650787884e+00
3.070250626566415804e+02 1.565039021729589974e+00 1.613112399348976655e+00 1.756069965010595757e+00 1.841605719817906328e+00 1.888051952235068720e+00
3.071729323308270523e+02 1.551121846800184167e+00 1.604523929260922355e+00 1.739967111692820589e+00 1.828637415027375646e+00 1.867794997087975917e+00
3.073208020050125242e+02 1.545442112772378973e+00 1.596054072315020722e+00 1.723939087853840757e+00 1.811309663221702948e+00 1.851950805167229319e+00
3.074686716791979961e+02 1.533966047100228325e+00 1.587702202233757021e+00 1.707985386310848508e+00 1.788204807209670122e+00 1.836150918027375845e+00
3.076165413533834680e+02 1.527642687033859747e+00 1.573687731450427396e+00 1.686985074841802268e+00 1.769289885803842610e+00 1.807273528022139919e+00
3.077644110275689400e+02 1.528850121687930441e+00 1.543701124226303012e+00 1.661349329014522036e+00 1.746955097556817771e+00 1.773862457972671836e+00
3.079122807017544119e+02 1.526581629041668942e+00 1.523659536019783989e+00 1.644180374646776022e+00 1.721021986760217892e+00 1.764238719187361859e+00
3.080601503759398270e+02 1.520082697055212373e+00 1.522051003159525129e+00 1.637787049682863261e+00 1.713205830174890032e+00 1.753712928531461435e+00
3.082080200501252989e+02 1.518299757994926003e+00 1.520453468313974765e+00 1.627036874279129686e+00 1.705436418428322831e+00 1.744606670075691701e+00
3.083558897243107708e+02 1.520261647568952323e+00 1.518867004622463268e+00 1.612723414298278923e+00 1.682559111719802880e+00 1.737254477309464473e+00
3.085037593984962427e+02 1.503311268073239226e+00 1.519379803576846433e+00 1.598478145037621534e+00 1.656259808067924055e+00 1.725295811256029044e+00
3.086516290726817147e+02 1.509626062586256756e+00 1.524150466129539305e+00 1.584056179966906619e+00 1.638653669201526331e+00 1.699171997259366629e+00
3.087994987468671866e+02 1.515892031443180299e+00 1.499973213980462239e+00 1.551100149054215782e+00 1.627337352938841519e+00 1.675225939559153332e+00
3.089473684210526017e+02 1.494508942936791707e+00 1.498412212323786630e+00 1.554437572402691536e+00 1.614341133303674791e+00 1.656431205632900250e+00
3.090952380952380736e+02 1.482619538485054456e+00 1.496834634080268955e+00 1.564987335497757703e+00 1.600231171922116058e+00 1.636086715396890323e+00
3.092431077694235455e+02 1.487380164926693560e+00 1.495240147517046703e+00 1.558222575332879112e+00 1.586191231172997762e+00 1.622989887296404365e+00
3.093909774436090174e+02 1.478829996207833286e+00 1.493628411792367050e+00 1.543573063321194816e+00 1.572220232498490633e+00 1.613529048979959635e+00
3.095388471177944893e+02 1.470453639493339626e+00 1.483541152982108091e+00 1.527939192191729800e+00 1.558312292402618926e+00 1.604098505993606816e+00
3.096867167919799613e+02 1.477524688556057786e+00 1.451140286537195401e+00 1.504396933634735367e+00 1.560084598457531335e+00 1.613404427909077121e+00
3.098345864661654332e+02 1.479666565901016417e+00 1.424980862330260001e+00 1.483750463793453989e+00 1.562320031277120824e+00 1.600964576670931727e+00
3.099824561403509051e+02 1.444256310513475361e+00 1.429709391561882370e+00 1.484802857973026580e+00 1.556354107149322985e+00 1.578463095639015545e+00
3.101303258145363202e+02 1.408715002048259946e+00 1.435509100979472263e+00 1.486176040399199705e+00 1.548897291273745980e+00 1.565708422158272217e+00
3.102781954887217921e+02 1.406138352873896658e+00 1.441284776958984271e+00 1.483532706330082940e+00 1.538230470108778114e+00 1.555417162815042387e+00
3.104260651629072640e+02 1.399155520587190837e+00 1.447036396590538843e+00 1.480883791248720938e+00 1.521748218547181786e+00 1.541965240701936635e+00
3.105739348370927360e+02 1.393375509854762662e+00 1.447002682958028474e+00 1.478229172327601981e+00 1.507126564739569075e+00 1.523835779062639784e+00
3.107218045112782079e+02 1.398075480143873284e+00 1.425396696159235033e+00 1.446559694788125849e+00 1.493433317428293883e+00 1.505758675502119726e+00
3.108696741854636798e+02 1.399595575229528377e+00 1.420511693366358852e+00 1.444647568308694563e+00 1.486037287830624276e+00 1.497036401137951112e+00
3.110175438596490949e+02 1.396091492840729087e+00 1.415630754876748609e+00 1.428234449645497284e+00 1.478849808629026041e+00 1.492088296509782142e+00
3.111654135338345668e+02 1.393936797738226430e+00 1.410753577499572753e+00 1.415447480687342052e+00 1.471676185776659151e+00 1.488126116544192801e+00
3.113132832080200387e+02 1.383886391209667943e+00 1.405879854466943524e+00 1.414326057699036188e+00 1.461305868438059763e+00 1.486564656877078061e+00
3.114611528822055107e+02 1.371241000248292652e+00 1.399503313495445100e+00 1.413161100144611826e+00 1.449402925357198280e+00 1.481588088288713800e+00
3.116090225563909826e+02 1.366619923109294810e+00 1.376115402664957132e+00 1.404517297134756371e+00 1.431594337719875210e+00 1.455638169342998056e+00
3.117568922305764545e+02 1.367291542544258443e+00 1.358234389194586500e+00 1.392919325420548748e+00 1.410904299709542231e+00 1.430557483636401672e+00
3.119047619047619264e+02 1.367980011073961055e+00 1.359859450513673407e+00 1.368302286306337212e+00 1.397080292052323758e+00 1.420547420869733735e+00
3.120526315789473415e+02 1.373777233796767527e+00 1.361445632348218471e+00 1.355131051668460263e+00 1.391229748682764944e+00 1.411331084865218966e+00
3.122005012531328134e+02 1.374985550066848861e+00 1.362992932158221260e+00 1.355446014268364863e+00 1.385390830909004389e+00 1.405091403634979308e+00
3.123483709273182853e+02 1.370395111281221823e+00 1.364501347376114948e+00 1.355787174214491575e+00 1.373888073388811470e+00 1.398865323091029511e+00
3.124962406015037573e+02 1.367977472411280315e+00 1.374889049522902029e+00 1.356154611411577893e+00 1.361919065629098480e+00 1.398058615818713379e+00
3.126441102756892292e+02 1.370867889912783522e+00 1.371377782285040148e+00 1.351615186182725914e+00 1.358682357937489149e+00 1.403008894629334646e+00
3.127919799498747011e+02 1.373748633723028689e+00 1.362193201562579725e+00 1.344703374848885247e+00 1.364994614220683689e+00 1.403338773627417657e+00
3.129398496240601730e+02 1.351211872411813397e+00 1.365243367912659433e+00 1.325969455901881977e+00 1.364489290167657964e+00 1.390492612488625879e+00
3.130877192982455881e+02 1.327504600786999056e+00 1.372081597103125050e+00 1.323770552115537846e+00 1.363999489143405741e+00 1.377684813512215500e+00
3.132355889724310600e+02 1.321762766522868837e+00 1.378904728888925568e+00 1.325854982981305774e+00 1.363525327712897806e+00 1.369959115871698829e+00
3.133834586466165320e+02 1.314014324607802875e+00 1.385712844528073306e+00 1.327934561976646721e+00 1.356682250225832442e+00 1.363160455462819609e+00
3.135313283208020039e+02 1.308933131444420583e+00 1.363396483060296482e+00 1.326265470142882652e+00 1.341127777352225880e+00 1.356390939025901465e+00
3.136791979949874758e+02 1.312624263822339321e+00 1.320797320273242592e+00 1.316364570292510416e+00 1.340310746494322913e+00 1.348608360091338110e+00
3.138270676691729477e+02 1.310727317266265013e+00 1.299691674421575405e+00 1.317628531924368795e+00 1.339715239301618510e+00 1.348868020311353000e+00
3.139749373433584196e+02 1.294734529198979356e+00 1.308353675833328067e+00 1.319083110960017402e+00 1.343975194724513988e+00 1.345365818789012957e+00
3.141228070175438347e+02 1.282598383815556131e+00 1.317009443062379548e+00 1.321189028973696722e+00 1.348208347750625924e+00 1.340468852407811884e+00
3.142706766917293066e+02 1.277693902380887536e+00 1.325658962127377993e+00 1.324852421365873445e+00 1.346093667412367800e+00 1.341558702760166533e+00
3.144185463659147786e+02 1.268956104950413000e+00 1.330822169496129748e+00 1.328465638393982573e+00 1.339423537916820672e+00 1.341244549259921648e+00
3.145664160401002505e+02 1.266886364914942442e+00 1.299095038820416992e+00 1.325035092309432727e+00 1.328881932195522753e+00 1.324166422791242637e+00
3.147142857142857224e+02 1.271779139257743330e+00 1.275943988636839554e+00 1.316454257375609949e+00 1.317150162114631762e+00 1.306851964029701163e+00
3.148621553884711943e+02 1.279701445788693936e+00 1.277359046483906191e+00 1.302657476310055795e+00 1.311136376753436084e+00 1.304567015521010953e+00
3.150100250626566094e+02 1.289736779141411827e+00 1.278776252536260705e+00 1.291838004106897086e+00 1.305137236583590710e+00 1.303459182883214051e+00
3.151578947368420813e+02 1.297325644435076475e+00 1.280195607205232733e+00 1.287560481194871542e+00 1.299152675281967984e+00 1.304828851131820455e+00
3.153057644110275533e+02 1.283155264502078508e+00 1.281617110846580143e+00 1.288022908823236001e+00 1.286062754730600055e+00 1.309109275415042406e+00
3.154536340852130252e+02 1.280394155838482373e+00 1.286853514001623733e+00 1.288490415901805575e+00 1.271953454537887884e+00 1.307550760839400139e+00
3.156015037593984971e+02 1.284471408852680518e+00 1.281704658610076875e+00 1.288121827022554289e+00 1.271360435254429433e+00 1.296103826928650005e+00
3.157493734335839690e+02 1.288516511275791254e+00 1.270056979347833348e+00 1.277594312313518277e+00 1.274280541860526084e+00 1.282506427418441008e+00
3.158972431077694409e+02 1.278024509116364005e+00 1.262849561340446902e+00 1.264010273069313017e+00 1.274536538936200669e+00 1.270308765785307825e+00
3.160451127819549129e+02 1.265422806320067428e+00 1.260623719950829891e+00 1.253390139073647935e+00 1.273483858236204469e+00 1.258220402707201924e+00
3.161929824561403279e+02 1.264346454265192765e+00 1.258407541317446920e+00 1.252921122925547026e+00 1.271024796165204807e+00 1.251587985007752257e+00
3.163408521303257999e+02 1.262533287876474342e+00 1.256200964057476721e+00 1.253704373279763029e+00 1.260714621617572195e+00 1.248328101151188418e+00
3.164887218045112718e+02 1.262309343399305783e+00 1.254003927298176224e+00 1.250389648717529223e+00 1.251870811610147127e+00 1.253599255440821736e+00
3.166365914786967437e+02 1.271677476319532429e+00 1.254661442731619614e+00 1.235045547354276740e+00 1.257942945521114630e+00 1.258881917284111251e+00
3.167844611528822156e+02 1.273732512189856392e+00 1.258442906395087713e+00 1.233187915524138534e+00 1.257487612398036081e+00 1.257292651535818706e+00
3.169323308270676876e+02 1.242733464537693289e+00 1.266905653503933582e+00 1.231065185943751139e+00 1.254734784421852378e+00 1.246790976505450343e+00
3.170802005012531026e+02 1.212910887271598348e+00 1.275222793657484033e+00 1.233147460503050352e+00 1.251980374403665275e+00 1.237011144296458198e+00
3.172280701754385746e+02 1.212238584341563064e+00 1.283395765179705883e+00 1.235225746839612837e+00 1.243598852582105119e+00 1.232863104223774764e+00
3.173759398496240465e+02 1.206639956085008292e+00 1.291387771267897167e+00 1.237300042145639711e+00 1.228470810211224729e+00 1.228726334293137823e+00
3.175238095238095184e+02 1.205841385318983328e+00 1.250128952310813002e+00 1.234526581978697690e+00 1.222210887549637581e+00 1.236247603906356129e+00
3.176716791979949903e+02 1.211693850348230850e+00 1.206589383256570391e+00 1.226626004227922229e+00 1.224388457731649726e+00 1.239012520383203420e+00
3.178195488721804622e+02 1.217522641859935639e+00 1.199314038165894880e+00 1.224541793060282879e+00 1.225200195251204160e+00 1.235762064740209887e+00
3.179674185463659342e+02 1.205621713815689056e+00 1.202292285633011604e+00 1.230381491369105351e+00 1.222880191567388586e+00 1.231065027613110541e+00
3.181152882205514061e+02 1.210035359009956624e+00 1.205263437608366628e+00 1.233692472588937550e+00 1.219299983262752685e+00 1.231085022850418875e+00
3.182631578947368212e+02 1.209550092025820422e+00 1.208227523106320866e+00 1.233974498769843331e+00 1.211643935169329778e+00 1.231106179546656687e+00
3.184110275689222931e+02 1.211513122786534558e+00 1.211184570949576322e+00 1.234251849471643903e+00 1.204035015414490983e+00 1.227926058650572250e+00
3.185588972431077650e+02 1.216479606096945165e+00 1.218576041151615330e+00 1.234524582246903313e+00 1.200081250111647790e+00 1.217567259157277926e+00
3.187067669172932369e+02 1.221437507256608601e+00 1.205386954281428391e+00 1.223519041295724863e+00 1.191863066326919407e+00 1.208202792107388346e+00
3.188546365914787089e+02 1.206951407136625409e+00 1.201951958692459632e+00 1.213839791518999123e+00 1.191536841384092105e+00 1.204363037103368672e+00
3.190025062656641808e+02 1.187487981534961934e+00 1.203861147420764333e+00 1.213193213180210339e+00 1.197201376057120514e+00 1.199787245307361472e+00
3.191503759398495959e+02 1.183371263324150213e+00 1.205766879264314806e+00 1.215784235172439498e+00 1.202841222892841788e+00 1.198275356790138746e+00
3.192982456140350678e+02 1.182532443262560129e+00 1.207669168940282090e+00 1.218375430690859851e+00 1.205113654897281616e+00 1.198279153501582428e+00
3.194461152882205397e+02 1.182149231426993463e+00 1.207383199892652081e+00 1.219860254100827657e+00 1.197208085422308166e+00 1.198282876097671368e+00
3.195939849624060116e+02 1.190682296230736847e+00 1.194925713662859712e+00 1.213384053042577015e+00 1.198088625101818350e+00 1.185946412840756192e+00
3.197418546365914835e+02 1.196380013115247998e+00 1.182780492591330557e+00 1.202019675620174199e+00 1.200488636810971732e+00 1.181705544014427067e+00
3.198897243107769555e+02 1.180878600467032413e+00 1.186732036821927405e+00 1.180420974383832311e+00 1.200835178174085360e+00 1.175331909284930365e+00
3.200375939849624274e+02 1.165277031965646470e+00 1.192135785251321467e+00 1.166975756114793317e+00 1.200823922013714240e+00 1.164974926882251349e+00
3.201854636591478993e+02 1.165601468208663949e+00 1.197535945062221607e+00 1.172895412120794179e+00 1.196541654768372487e+00 1.161843349966964256e+00
3.203333333333333144e+02 1.160915470451012066e+00 1.202932556694005894e+00 1.178814899315002052e+00 1.184940297418524802e+00 1.158716182615377344e+00
3.204812030075187863e+02 1.159832809165794565e+00 1.174663049025448380e+00 1.176300315066052926e+00 1.176188971486694879e+00 1.168640628349179034e+00
3.206290726817042582e+02 1.168054878780591777e+00 1.146705254980123101e+00 1.158256892076678479e+00 1.187787234595195640e+00 1.180223429730772766e+00
3.207769423558897302e+02 1.168405532578705053e+00 1.149134195015961923e+00 1.159460787750018040e+00 1.184364692506946426e+00 1.178217266104132577e+00
3.209248120300752021e+02 1.157187281885270203e+00 1.151565791178123632e+00 1.158816192259166211e+00 1.179752884889653464e+00 1.170154262703132719e+00
3.210726817042606740e+02 1.163579404080200330e+00 1.154000048815414514e+00 1.157527341034013002e+00 1.175139270834592020e+00 1.163516498593300863e+00
3.212205513784460891e+02 1.155140962490503576e+00 1.156436973288161640e+00 1.155227286394527431e+00 1.170523864017021909e+00 1.161538861049409732e+00
3.213684210526315610e+02 1.149653154652526155e+00 1.154983628360093828e+00 1.152939864385390756e+00 1.157128433169046122e+00 1.160007154953398567e+00
3.215162907268170329e+02 1.154454162218423674e+00 1.135744615126506707e+00 1.145572066729931171e+00 1.147650602900347927e+00 1.160754709703333942e+00
3.216641604010025048e+02 1.159253920140808747e+00 1.125713382879941937e+00 1.136400879539901876e+00 1.142778742838618244e+00 1.161500816610733011e+00
3.218120300751879768e+02 1.154429860924812923e+00 1.122994329499514166e+00 1.142044487631337146e+00 1.140254342939384324e+00 1.158069718062674225e+00
3.219598997493734487e+02 1.145123215522127369e+00 1.128390662874622086e+00 1.154023619308285564e+00 1.140962170480023241e+00 1.152710098287324625e+00
3.221077694235589206e+02 1.142507304829474046e+00 1.133769197170434007e+00 1.157545390468769142e+00 1.141668608108055816e+00 1.151416819537314007e+00
3.222556390977443357e+02 1.141124370198900451e+00 1.139130009735537019e+00 1.157048253574586294e+00 1.133982305733340024e+00 1.152766876287563580e+00
3.224035087719298076e+02 1.139696586795612809e+00 1.147237656124927785e+00 1.156551844761997572e+00 1.126203578211774303e+00 1.145478561138620677e+00
3.225513784461152795e+02 1.144245510730744764e+00 1.143321418874746698e+00 1.151942220217598845e+00 1.127109437476078169e+00 1.129745503847686905e+00
3.226992481203007515e+02 1.149490382425731205e+00 1.137320230757995265e+00 1.142406531887881549e+00 1.135106398028021601e+00 1.128735510196844150e+00
3.228471177944862234e+02 1.127428713294228668e+00 1.138911762526055194e+00 1.135982718124714852e+00 1.134944725878601401e+00 1.124029711206057991e+00
3.229949874686716953e+02 1.104637592307148086e+00 1.142874831006761127e+00 1.129511244826858940e+00 1.134776620909373035e+00 1.119344561446038666e+00
3.231428571428571104e+02 1.105905920605745774e+00 1.146831584911790047e+00 1.131523424672147282e+00 1.131088355364049614e+00 1.118901731152030621e+00
3.232907268170425823e+02 1.102959651815687003e+00 1.150782128337873855e+00 1.133988930937830153e+00 1.118366346522984944e+00 1.119184271950640852e+00
3.234385964912280542e+02 1.096690513092240193e+00 1.150497059736377281e+00 1.133777088356984875e+00 1.106851647627613566e+00 1.121103490563007066e+00
3.235864661654135261e+02 1.101462190233405858e+00 1.115324618715421101e+00 1.126182995231140183e+00 1.105140296192226534e+00 1.123691860806946163e+00
3.237343358395989981e+02 1.106221284615823253e+00 1.118933507011423689e+00 1.117299705001539412e+00 1.103995298131688063e+00 1.121427542590176074e+00
3.238822055137844700e+02 1.102125958354561952e+00 1.123246319421445705e+00 1.113193905942581274e+00 1.108108258496919074e+00 1.112757372014711477e+00
3.240300751879699419e+02 1.100456042890606057e+00 1.127568199250902126e+00 1.109273106760456651e+00 1.112211389090104197e+00 1.110900344192601752e+00
3.241779448621554138e+02 1.099443958551511669e+00 1.131899171743889543e+00 1.106052776419907291e+00 1.111681479621783541e+00 1.109099872442139478e+00
3.243258145363408289e+02 1.086572199449055587e+00 1.124762930864087629e+00 1.102830778018824898e+00 1.106325123567203805e+00 1.107625948278748718e+00
3.244736842105263008e+02 1.085406705708006125e+00 1.102876219465995344e+00 1.094250786386599117e+00 1.104994944125531120e+00 1.112862087065429995e+00
3.246215538847117728e+02 1.084241611090769108e+00 1.087169789263863207e+00 1.082417088585712728e+00 1.112309240329342641e+00 1.117292653149298154e+00
3.247694235588972447e+02 1.088558179381873270e+00 1.080070156060962461e+00 1.086189011762217937e+00 1.117452431083125752e+00 1.110001536024380897e+00
3.249172932330827166e+02 1.096639437559094210e+00 1.081100280056329410e+00 1.097112899438646982e+00 1.117117389987616560e+00 1.101724583890351550e+00
3.250651629072681885e+02 1.101686634041596946e+00 1.082119267029753473e+00 1.100561751468693394e+00 1.116782707020129273e+00 1.095484652056582409e+00
3.252130325814536036e+02 1.096093577412821096e+00 1.083127257343831307e+00 1.098009700901549035e+00 1.105228088313518153e+00 1.091497036590028280e+00
3.253609022556390755e+02 1.090327842509690282e+00 1.087727294045094162e+00 1.095465879904658824e+00 1.098103832735758623e+00 1.098908566746059190e+00
3.255087719298245474e+02 1.092856088569355677e+00 1.095823393869663542e+00 1.083348076345164612e+00 1.096753244527013837e+00 1.123112950298330803e+00
3.256566416040100194e+02 1.096602700204984071e+00 1.089372854486866604e+00 1.070621183163338985e+00 1.089874126691764866e+00 1.120677239569567663e+00
3.258045112781954913e+02 1.095421925508302863e+00 1.091370909330164674e+00 1.086472827005377173e+00 1.090155710383450494e+00 1.113390668411733619e+00
3.259523809523809632e+02 1.093305388102811859e+00 1.097026627470229165e+00 1.105586858517627391e+00 1.094254861111419119e+00 1.105841094054055507e+00
3.261002506265664351e+02 1.091745572941434261e+00 1.102681836413917260e+00 1.110334527288837858e+00 1.097432697530901891e+00 1.101714603695180150e+00
3.262481203007519071e+02 1.079771166377669678e+00 1.108336554668404528e+00 1.113728906125711626e+00 1.093073424534304117e+00 1.098161805374014532e+00
3.263959899749373221e+02 1.080035959443636173e+00 1.110304400106301825e+00 1.104440942093589229e+00 1.081165379883187061e+00 1.092780688615832441e+00
3.265438596491227941e+02 1.081318659105128477e+00 1.068327024756476673e+00 1.089862907581129026e+00 1.073017512155880704e+00 1.087384730233280639e+00
3.266917293233082660e+02 1.081009304467152043e+00 1.073842425198068939e+00 1.087745435896148471e+00 1.064832882913398393e+00 1.080669882162203388e+00
3.268395989974937379e+02 1.074859398360293650e+00 1.080770127088407140e+00 1.082560618697349097e+00 1.067902786072247867e+00 1.077491468866405011e+00
3.269874686716792098e+02 1.068803444682045356e+00 1.087707919162566261e+00 1.075499521286460425e+00 1.071558825930235104e+00 1.074915745727440530e+00
3.271353383458646817e+02 1.066217820346412992e+00 1.094655821416884667e+00 1.077226009096475590e+00 1.068232311207782281e+00 1.077336294210024192e+00
3.272832080200500968e+02 1.059434262877201327e+00 1.101613853899579221e+00 1.078881500266382076e+00 1.064925417733403767e+00 1.079748395024885177e+00
3.274310776942355687e+02 1.056156269576075779e+00 1.073861336742080841e+00 1.074699121511128563e+00 1.065993343235321023e+00 1.065081432482117840e+00
3.275789473684210407e+02 1.058283113514298490e+00 1.038951671331564519e+00 1.070061095476945834e+00 1.075667498193347393e+00 1.061056561501674933e+00
3.277268170426065126e+02 1.061579261475666280e+00 1.032249201046032461e+00 1.063890821504062778e+00 1.085385891900407795e+00 1.062199709449577645e+00
3.278746867167919845e+02 1.066086863393128858e+00 1.038268235841575349e+00 1.062459480601018580e+00 1.087782449959332265e+00 1.061093921224861125e+00
3.280225563909774564e+02 1.067954066963257009e+00 1.044273207295718375e+00 1.062130122250604547e+00 1.087282340431996230e+00 1.061349045817512771e+00
3.281704260651629284e+02 1.064017524244150303e+00 1.050264154925443449e+00 1.063241240388492326e+00 1.079635663819869418e+00 1.063994033916597637e+00
3.283182957393484003e+02 1.047840329864447861e+00 1.056241118215669017e+00 1.064349119564194757e+00 1.069670139531053721e+00 1.066906470029281406e+00
3.284661654135338154e+02 1.041274115844129211e+00 1.068650988382768841e+00 1.054685827158517109e+00 1.065902414978926460e+00 1.070718906046488117e+00
3.286140350877192873e+02 1.037978813159009972e+00 1.062206933059445690e+00 1.042465617092654506e+00 1.084611397550839129e+00 1.073564910435294006e+00
3.287619047619047592e+02 1.045420951323106751e+00 1.051597747347596812e+00 1.045193118568978452e+00 1.083178941825500230e+00 1.068536094267504399e+00
3.289097744360902311e+02 1.056608880347301271e+00 1.050160831036749398e+00 1.053563997353840875e+00 1.081736248128359446e+00 1.062806280999658792e+00
3.290576441102757030e+02 1.057888866223404722e+00 1.048729458052401586e+00 1.054972589928547366e+00 1.079877303232176455e+00 1.059978398568302449e+00
3.292055137844611750e+02 1.044362597309199225e+00 1.047303592245439452e+00 1.054567695153389550e+00 1.061620697798162150e+00 1.058648309255959541e+00
3.293533834586465900e+02 1.031148836529133472e+00 1.051334746869869274e+00 1.051884863835819806e+00 1.053610249647061625e+00 1.059003334883155345e+00
3.295012531328320620e+02 1.028835770099369995e+00 1.046247441594513328e+00 1.037278607876720216e+00 1.040514235517568054e+00 1.060831800005839209e+00
3.296491228070175339e+02 1.027955549317312034e+00 1.037729886672737800e+00 1.028493037539328636e+00 1.027315017688678722e+00 1.062373029905925748e+00
3.297969924812030058e+02 1.058011544784819513e+00 1.039982573966865331e+00 1.045839663131908903e+00 1.031530814713517819e+00 1.058163687960976596e+00
3.299448621553884777e+02 1.063248684065998706e+00 1.044381359398196096e+00 1.063004657378429973e+00 1.038644001435171216e+00 1.053336947490561393e+00
3.300927318295739497e+02 1.053342125373841087e+00 1.048791274128639817e+00 1.063031103753673934e+00 1.043900055502000379e+00 1.053672514525673565e+00
3.302406015037594216e+02 1.039639451077327692e+00 1.059264551713933633e+00 1.063057296199475310e+00 1.045434269087594403e+00 1.054004825741848617e+00
3.303884711779448367e+02 1.033409090664945351e+00 1.068637069876900325e+00 1.063083235300068763e+00 1.047997851594153707e+00 1.046009520999636511e+00
3.305363408521303086e+02 1.027181027672344316e+00 1.057663082385699393e+00 1.055172350952218396e+00 1.044443245069710535e+00 1.037171779027420859e+00
3.306842105263157805e+02 1.023080374784585578e+00 1.043285457525981341e+00 1.041398783441070508e+00 1.032015663019960838e+00 1.035710606322642668e+00
3.308320802005012524e+02 1.022548320838691849e+00 1.042154431366346889e+00 1.033273438370596153e+00 1.034182543359773554e+00 1.035539251137919781e+00
3.309799498746867243e+02 1.022564679970535018e+00 1.041016396359012663e+00 1.030978195833614830e+00 1.036352238252370217e+00 1.036858877405577584e+00
3.311278195488721963e+02 1.012778759640537096e+00 1.039871311410058841e+00 1.037133953750222881e+00 1.038524753179508764e+00 1.041591082669027335e+00
3.312756892230576113e+02 1.015420453512976495e+00 1.038684352463604466e+00 1.043296566627229360e+00 1.023251444484732042e+00 1.032854011269367156e+00
3.314235588972430833e+02 1.018481330846931154e+00 1.029313418401358149e+00 1.041494749800501163e+00 1.040775743299242828e+00 1.018440344680658693e+00
3.315714285714285552e+02 1.021536333714025746e+00 1.014792784120690072e+00 1.036554005218090602e+00 1.061734310038268125e+00 1.017869712924420522e+00
3.317192982456140271e+02 1.024585466886777763e+00 1.008351757108514768e+00 1.023024005407573211e+00 1.061388175729466754e+00 1.020125685913615854e+00
3.318671679197994990e+02 1.021281967376289623e+00 1.007575998141203799e+00 1.010992847000582451e+00 1.061041398691848103e+00 1.014842380991772597e+00
3.320150375939849710e+02 1.020555302463789893e+00 1.006803866554432547e+00 1.006189302860258206e+00 1.060693977355519291e+00 1.013862359512793132e+00
3.321629072681704429e+02 1.018804908066966108e+00 1.006035344458429792e+00 1.004978744136772129e+00 1.051752714079492890e+00 1.016704245426072850e+00
3.323107769423559148e+02 1.016867716515453379e+00 1.015074072358829405e+00 1.003768890418790249e+00 1.041984135121571953e+00 1.021036782072860971e+00
3.324586466165413299e+02 1.020428962829757813e+00 1.024669058093881979e+00 1.000172271651474043e+00 1.023862401390410515e+00 1.026686904297488212e+00
3.326065162907268018e+02 1.023986568038268263e+00 1.013099969229131814e+00 9.958176367421308628e-01 1.006135834016739672e+00 1.030438704528483296e+00
3.327543859649122737e+02 1.029774447022371753e+00 1.013989236171325858e+00 1.008912582621232401e+00 1.006480181444368904e+00 1.021096983906238043e+00
3.329022556390977456e+02 1.035692173393625071e+00 1.014882535326860680e+00 1.022099187181046531e+00 1.013335558312048246e+00 1.017762918601230693e+00
3.330501253132832176e+02 1.033440619556710738e+00 1.015779894094457791e+00 1.023016373509518573e+00 1.020186023457544389e+00 1.017378392087784134e+00
3.331979949874686895e+02 1.024847080199479121e+00 1.016681340120940913e+00 1.022810408535288706e+00 1.021608486684639772e+00 1.016990659003655040e+00
3.333458646616541046e+02 1.016271266572044363e+00 1.020094502668875691e+00 1.021009588123631628e+00 1.022228823638289708e+00 1.017937699328951284e+00
3.334937343358395765e+02 1.013513226327061867e+00 1.014558491194226475e+00 1.014363766946715595e+00 1.014664108453378732e+00 1.019413478990000677e+00
3.336416040100250484e+02 1.014118713998939825e+00 1.006700460926260865e+00 1.007422543310265706e+00 1.007088858765732287e+00 1.016855219797586418e+00
3.337894736842105203e+02 1.012589083833402404e+00 1.009246309267389563e+00 1.006698363711975741e+00 1.002048127275635636e+00 1.013805646527924820e+00
3.339373433583959923e+02 1.008243797876129610e+00 1.011782389776607172e+00 1.008731989283573549e+00 9.994338763262191616e-01 1.011566537714249536e+00
3.340852130325814642e+02 1.002782138975844450e+00 1.014308763136488656e+00 1.019600756322381896e+00 9.938787055692268613e-01 1.012803306142190163e+00
3.342330827067669361e+02 9.953528603126191587e-01 1.016030995251305802e+00 1.030500201988941766e+00 9.860931247579433068e-01 1.011003231258698509e+00
3.343809523809524080e+02 9.918429299345523642e-01 1.004509955579707903e+00 1.033777003221989732e+00 9.917176592542111813e-01 9.905637765740344935e-01
3.345288220551378231e+02 9.913713367909595675e-01 9.880903626095989267e-01 1.026262858614083617e+00 1.010146692099553212e+00 9.866843274693637422e-01
3.346766917293232950e+02 9.922542318366827097e-01 9.842724910999927079e-01 1.003629719969507450e+00 1.013382069684471087e+00 9.863506530117320814e-01
3.348245614035087669e+02 9.946114068053657498e-01 9.892234997270142882e-01 9.887226573035418076e-01 1.016627689080231267e+00 9.836435943641802515e-01
3.349724310776942389e+02 9.968277779944457739e-01 9.941872016325530304e-01 9.868439698523482351e-01 1.019883597482467152e+00 9.847042437559778705e-01
3.351203007518797108e+02 9.901690454519936901e-01 9.991636337158741332e-01 9.938654783487370636e-01 1.013744265499070929e+00 9.892760133641964604e-01
3.352681704260651827e+02 9.833543150816986822e-01 9.977566419335049952e-01 1.000903130462134305e+00 1.006377157039452408e+00 9.927454514370037675e-01
3.354160401002505978e+02 9.830374069541474302e-01 9.695858265416329447e-01 9.970303037703586169e-01 9.977142616901022443e-01 9.939595517818055059e-01
3.355639097744360697e+02 9.844636554001552353e-01 9.657154135495795710e-01 9.914504270824359144e-01 9.898440387984438482e-01 9.954110713473024452e-01
3.357117794486215416e+02 9.969559855739157372e-01 9.703571231791596752e-01 9.879095329972077399e-01 9.892662569123729099e-01 9.948394442755006395e-01
3.358596491228070136e+02 1.001666193117070502e+00 9.750272714479443215e-01 9.866711568749577665e-01 9.914082882266889163e-01 9.869350723509309198e-01
3.360075187969924855e+02 9.990335326943455829e-01 9.797261157251704322e-01 9.865771369353584230e-01 9.928621103636602330e-01 9.881228951261120663e-01
3.361553884711779574e+02 9.893640401724793643e-01 9.844539164523328223e-01 9.866592127134687917e-01 9.891616676697428945e-01 9.893032912675253643e-01
3.363032581453634293e+02 9.847602164317306173e-01 1.010051691976024069e+00 9.850188539460701387e-01 9.856445803558268048e-01 9.958202314403795663e-01
3.364511278195488444e+02 9.818934652390969298e-01 1.017295043565471069e+00 9.772602428182209922e-01 9.833363248125868150e-01 1.004749107538407404e+00
3.365989974937343163e+02 9.803645334883052120e-01 9.967478621197546351e-01 9.695710998741520203e-01 9.699778340149649569e-01 1.007594101045738766e+00
3.367468671679197882e+02 9.874873110309996260e-01 9.894780446177968702e-01 9.755929697261038758e-01 9.711569797026105011e-01 1.000484488760637891e+00
3.368947368421052602e+02 9.943825824746387321e-01 9.822025495514165039e-01 9.798929530860417403e-01 9.723348828545770317e-01 9.941871226051334220e-01
3.370426065162907321e+02 9.937546796763654378e-01 9.749214293278302135e-01 9.842094028591509280e-01 9.735115444574623522e-01 9.931062238851070534e-01
3.371904761904762040e+02 9.909941270182900386e-01 9.676347358258946540e-01 9.885424031033270831e-01 9.672065250057754193e-01 9.920263251421931328e-01
3.373383458646616191e+02 9.907829245017124586e-01 9.825554057280992959e-01 9.869430940318625334e-01 9.598078171569753847e-01 9.893091551834340969e-01
3.374862155388470910e+02 9.953930177324875617e-01 9.937012034769112656e-01 9.784331156349425074e-01 9.657433815765466001e-01 9.891162666769949263e-01
3.376340852130325629e+02 9.957344118105845299e-01 9.871707589699120211e-01 9.801839852074146764e-01 9.731771192456982744e-01 9.903312588370003500e-01
3.377819548872180349e+02 9.903117242062990933e-01 9.851884001056978590e-01 9.893081403731793788e-01 9.761742164592561721e-01 9.855583036624455673e-01
3.379298245614035068e+02 9.880351680817445192e-01 9.832051522363228768e-01 9.894105114199243101e-01 9.791715296395988588e-01 9.808873208834971713e-01
3.380776942355889787e+02 9.825106475973111042e-01 9.812210028273161688e-01 9.895136584742985075e-01 9.753036697879133854e-01 9.820657198431306245e-01
3.382255639097744506e+02 9.819113474933894858e-01 9.792359393741756346e-01 9.896175862482819996e-01 9.693466025430410582e-01 9.796978839682906059e-01
3.383734335839599225e+02 9.866460667202581192e-01 9.700674119742422885e-01 9.774799349736097431e-01 9.658125235036727485e-01 9.682907764665774630e-01
3.385213032581453376e+02 9.893693548520031689e-01 9.635263435832599477e-01 9.674971461419138441e-01 9.644161514223750231e-01 9.582255002626848261e-01
3.386691729323308095e+02 9.864489338049639011e-01 9.653626222881601660e-01 9.638744063981330434e-01 9.664340945512269743e-01 9.572494350425836407e-01
3.388170426065162815e+02 9.835117130763308957e-01 9.672054750394896150e-01 9.600551832244131889e-01 9.712677924786726757e-01 9.552657384305740518e-01
3.389649122807017534e+02 9.773103193304395475e-01 9.690549383865459943e-01 9.587904266592680580e-01 9.757006130169162406e-01 9.574644855584854009e-01
3.391127819548872253e+02 9.638695652037655437e-01 9.709110491568274659e-01 9.581451923426774764e-01 9.737209413363393518e-01 9.613550325451489798e-01
3.392606516290726972e+02 9.504892377110953916e-01 9.730411230020890034e-01 9.571392219223263664e-01 9.714399289425990069e-01 9.652492463598665307e-01
3.394085213032581123e+02 9.452987647328182641e-01 9.643705574918078893e-01 9.511333573750065939e-01 9.522906396629710057e-01 9.708117951495068843e-01
3.395563909774435842e+02 9.457636698757324600e-01 9.561486546108024509e-01 9.462391043863770390e-01 9.339203347196886051e-01 9.661083979213800355e-01
3.397042606516290562e+02 9.845504425177621366e-01 9.689949988351233001e-01 9.559465176711213763e-01 9.382967444607583918e-01 9.594750975320464059e-01
3.398521303258145281e+02 9.777572193500297937e-01 9.828474071601265294e-01 9.656557233356496406e-01 9.462985450024975487e-01 9.528823774286818704e-01
3.400000000000000000e+02 9.525984498917665633e-01 9.966516319434630677e-01 9.656600416214937699e-01 9.538563015315890681e-01 9.501155588986160971e-01
